1.542483568191528320e+00 -1.261634826660156250e-01
-2.811325073242187500e+00 3.612565994262695312e+00
-8.316904067993164062e+00 7.585153579711914062e+00
-4.812316417694091797e+00 6.073935508728027344e+00
-1.687741637229919434e+00 3.468142747879028320e+00
-4.664136409759521484e+00 5.119447231292724609e+00
2.820992231369018555e+00 -9.430146217346191406e-01
-6.129419207572937012e-01 7.683427333831787109e-01
1.969301700592041016e-01 5.758858919143676758e-01
1.159965038299560547e+00 -1.567065477371215820e+00
-4.204069137573242188e+00 2.524075984954833984e+00
-2.838103294372558594e+00 9.234516620635986328e-01
3.450235605239868164e+00 1.127225875854492188e+00
8.289073705673217773e-01 1.328031569719314575e-01
-4.114902496337890625e+00 8.229961395263671875e-01
-1.063903212547302246e+00 1.405539989471435547e+00
-3.323126554489135742e+00 2.470417261123657227e+00
-8.398980140686035156e+00 9.966927528381347656e+00
4.255598068237304688e+00 -3.616461515426635742e+00
-2.114136457443237305e+00 2.198020935058593750e+00
6.387861371040344238e-01 1.592963695526123047e+00
-9.399753212928771973e-01 1.336850881576538086e+00
-3.978319168090820312e+00 4.836706161499023438e+00
-3.443658351898193359e+00 6.453877925872802734e+00
-4.751027107238769531e+00 3.424247980117797852e+00
-1.208406448364257812e+00 4.141950607299804688e+00
9.395078420639038086e-01 -2.980667114257812500e+00
2.381867885589599609e+00 -7.988886833190917969e-01
7.516128063201904297e+00 -6.689950466156005859e+00
-5.624705314636230469e+00 4.600439071655273438e+00
-3.144055604934692383e-01 -2.957742214202880859e-01
-3.147669732570648193e-01 9.004747867584228516e-02
-8.643770217895507812e+00 8.486745834350585938e+00
-3.582326889038085938e+00 6.695224285125732422e+00
-1.991736888885498047e+00 2.084475040435791016e+00
-4.241051375865936279e-01 1.582079410552978516e+00
-2.875720262527465820e+00 2.340275764465332031e+00
-5.397782325744628906e+00 4.402652263641357422e+00
1.301645278930664062e+00 4.387685060501098633e-01
5.970900535583496094e+00 -4.872089862823486328e+00
4.142938137054443359e+00 -3.766543388366699219e+00
1.724371910095214844e+00 -7.520534396171569824e-01
-4.516220569610595703e+00 6.743431568145751953e+00
-1.439787745475769043e-01 2.016376733779907227e+00
-2.005198478698730469e+00 4.450663566589355469e+00
-2.931818723678588867e+00 6.230423927307128906e+00
-5.650175571441650391e+00 9.476503372192382812e+00
-2.656898021697998047e+00 4.947875022888183594e+00
-2.162672281265258789e-01 4.120500683784484863e-01
1.693162322044372559e-01 -1.603259801864624023e+00
-4.910205364227294922e+00 4.288092136383056641e+00
4.208558082580566406e+00 -3.832013368606567383e+00
-2.062301933765411377e-01 2.104463577270507812e+00
-4.857533931732177734e+00 6.062121391296386719e+00
-2.862751483917236328e-02 3.735743999481201172e+00
-5.044524192810058594e+00 6.368331432342529297e+00
1.585571527481079102e+00 -1.470845580101013184e+00
4.242926597595214844e+00 -2.566089630126953125e-01
3.091791868209838867e+00 -1.173695206642150879e+00
3.030863523483276367e+00 -2.717756271362304688e+00
1.879558324813842773e+00 -3.016657352447509766e+00
-7.289801239967346191e-01 2.194343328475952148e+00
-4.236629009246826172e+00 7.002799987792968750e+00
-1.225088834762573242e+00 5.869436264038085938e-01
-4.736982822418212891e+00 6.675070762634277344e+00
-5.515464305877685547e+00 6.054990768432617188e+00
-4.344862937927246094e+00 3.657914638519287109e+00
-2.987691164016723633e+00 3.725191593170166016e+00
-1.242879152297973633e+00 3.666518449783325195e+00
1.826319396495819092e-01 5.104040503501892090e-01
-7.640140056610107422e+00 9.487909317016601562e+00
3.789166688919067383e+00 -2.634454727172851562e+00
8.368944168090820312e+00 -1.204513549804687500e+01
2.055474519729614258e+00 1.295950055122375488e+00
-4.314249157905578613e-01 4.250338077545166016e-01
-3.060689926147460938e+00 4.853387832641601562e+00
-1.543541312217712402e+00 1.959894061088562012e+00
-5.734580755233764648e-02 2.773209214210510254e-01
-2.267906665802001953e+00 3.289288282394409180e+00
-5.905177593231201172e+00 6.496046066284179688e+00
-2.533913135528564453e+00 4.377484321594238281e+00
-4.121767997741699219e+00 1.460211277008056641e+00
-3.122792541980743408e-01 1.442024350166320801e+00
-8.428740501403808594e-01 3.998159885406494141e+00
-7.669188082218170166e-02 7.848665714263916016e-01
-1.567882776260375977e+00 -1.702228665351867676e+00
2.569411754608154297e+00 -6.807374954223632812e-02
-1.037371754646301270e+00 9.856921434402465820e-01
1.322581529617309570e+00 3.469413042068481445e+00
-4.114928245544433594e+00 4.651613235473632812e+00
-2.236196517944335938e+00 3.169629573822021484e+00
-4.333481311798095703e+00 3.897977590560913086e+00
3.926298379898071289e+00 -1.521487116813659668e+00
1.844623565673828125e+00 -2.523730993270874023e-01
2.953275680541992188e+00 -1.009328842163085938e+00
-5.754002571105957031e+00 7.653110980987548828e+00
2.997311115264892578e+00 -1.696352958679199219e+00
8.260837793350219727e-01 1.271079778671264648e+00
1.252594232559204102e+00 1.864669680595397949e+00
3.548544406890869141e+00 2.336851358413696289e-01
-6.315924644470214844e+00 7.428936958312988281e+00
-1.065331459045410156e+00 2.588841199874877930e+00
-4.677293777465820312e+00 5.385107994079589844e+00
-3.180027306079864502e-01 1.901380538940429688e+00
-3.655645251274108887e-01 4.534528851509094238e-01
1.368856906890869141e+00 -1.725372672080993652e+00
7.118174433708190918e-01 6.053467392921447754e-01
-4.765306711196899414e-01 2.613206863403320312e+00
-1.960295200347900391e+00 6.088278770446777344e+00
-2.405391216278076172e+00 4.287970066070556641e+00
1.774064302444458008e+00 -4.293856620788574219e-01
-6.962130069732666016e+00 8.154132843017578125e+00
3.103297710418701172e+00 -1.139419674873352051e-01
-5.700841426849365234e+00 7.653431415557861328e+00
-6.345057010650634766e+00 4.187413215637207031e+00
4.434062004089355469e+00 -2.948861360549926758e+00
-5.285191535949707031e-01 5.621120929718017578e-01
-5.037250518798828125e+00 6.732387542724609375e+00
2.099348068237304688e+00 -1.176961660385131836e+00
-2.519776582717895508e+00 4.349994182586669922e+00
-9.866623878479003906e-01 1.026677846908569336e+00
-1.936776638031005859e+00 3.289588928222656250e+00
-3.664839267730712891e+00 5.514429569244384766e+00
5.281507015228271484e+00 -3.748734951019287109e+00
-5.966257095336914062e+00 6.249434471130371094e+00
-2.867113351821899414e+00 3.717772006988525391e+00
9.544475674629211426e-01 4.906222820281982422e-01
1.314148306846618652e+00 -2.595741033554077148e+00
-4.279842674732208252e-01 2.310628890991210938e+00
4.151648044586181641e+00 -2.150583982467651367e+00
1.535599708557128906e+00 8.081310391426086426e-01
4.038601875305175781e+00 -7.155801057815551758e-01
-3.912868499755859375e+00 2.941345691680908203e+00
-5.980130672454833984e+00 8.653198242187500000e+00
-1.621063947677612305e-01 -3.434013724327087402e-01
1.079365134239196777e+00 -9.113219976425170898e-01
-5.872221946716308594e+00 7.768569946289062500e+00
-1.942107915878295898e+00 2.490439414978027344e+00
1.975588798522949219e+00 -1.846186041831970215e+00
-1.217964529991149902e+00 8.128528594970703125e-01
-4.466983318328857422e+00 5.291721343994140625e+00
-3.955087184906005859e+00 3.786908864974975586e+00
7.446891069412231445e-01 1.096805810928344727e+00
-1.963088214397430420e-01 6.426269412040710449e-01
1.286714076995849609e-01 8.862668275833129883e-01
-1.291578054428100586e+00 2.522993326187133789e+00
-7.440545082092285156e+00 6.839574337005615234e+00
-3.641017436981201172e+00 7.541429996490478516e+00
-2.780134916305541992e+00 4.317755699157714844e+00
4.980797767639160156e+00 -3.196721553802490234e+00
-6.807129383087158203e-01 -1.042826056480407715e+00
-3.626706004142761230e-01 1.467999935150146484e+00
-3.263965606689453125e+00 4.583745956420898438e+00
-7.187499403953552246e-01 4.557281732559204102e-02
9.670007228851318359e-01 -2.427911758422851562e-02
1.900253653526306152e+00 -1.649777412414550781e+00
2.446876525878906250e+00 -1.175365567207336426e+00
2.331853866577148438e+00 -1.226688623428344727e+00
2.220763444900512695e+00 -2.178945779800415039e+00
-2.019364118576049805e+00 2.255301237106323242e+00
-5.671772956848144531e+00 3.994802713394165039e+00
-3.282845616340637207e-01 2.549318313598632812e+00
-6.179042816162109375e+00 8.491994857788085938e+00
-1.520311832427978516e+00 2.913311958312988281e+00
4.749213695526123047e+00 -3.443315982818603516e+00
6.348731517791748047e-01 3.435963869094848633e+00
-3.888901233673095703e+00 6.160081386566162109e+00
-1.501962661743164062e+00 2.787055015563964844e+00
1.835933089256286621e+00 1.850255131721496582e+00
-2.547621726989746094e+00 1.460249543190002441e+00
-7.247255325317382812e+00 8.368274688720703125e+00
3.949030637741088867e+00 -2.270226478576660156e+00
-1.000461339950561523e+00 -5.617644190788269043e-01
-4.743009567260742188e+00 6.216081142425537109e+00
4.587409496307373047e+00 -3.098905801773071289e+00
1.826292634010314941e+00 6.223740577697753906e-01
5.923699140548706055e-01 2.010775566101074219e+00
6.284093856811523438e-02 1.283603191375732422e+00
6.077838420867919922e+00 -5.203692436218261719e+00
-4.190606594085693359e+00 5.406844139099121094e+00
-5.056760311126708984e+00 6.404964923858642578e+00
-4.606627821922302246e-01 1.487972736358642578e+00
-1.477041006088256836e+00 1.427376747131347656e+00
2.678756475448608398e+00 6.725404858589172363e-01
-5.099179267883300781e+00 5.612187862396240234e+00
1.020721554756164551e+00 6.428888440132141113e-01
-3.374343156814575195e+00 2.960251331329345703e+00
-1.322269439697265625e-01 -1.311320662498474121e+00
-9.537773132324218750e-01 5.754514694213867188e+00
2.844036102294921875e+00 2.104210615158081055e+00
-5.552089214324951172e+00 8.162512779235839844e+00
-7.384688377380371094e+00 8.728509902954101562e+00
2.410453557968139648e+00 7.554599046707153320e-01
-3.790763854980468750e+00 3.942848920822143555e+00
4.196993410587310791e-01 1.009870529174804688e+00
-3.159179449081420898e+00 3.148476123809814453e+00
-3.815735340118408203e+00 8.719557762145996094e+00
2.074071645736694336e+00 -1.645846128463745117e+00
-1.022567844390869141e+01 1.116944885253906250e+01
-1.300034165382385254e+00 2.124562025070190430e+00
-4.009066224098205566e-01 3.679388761520385742e-01
1.363043785095214844e+00 -1.186001181602478027e+00
-5.999636650085449219e+00 6.507021903991699219e+00
-8.429626226425170898e-01 2.844686985015869141e+00
3.713728427886962891e+00 -1.245420932769775391e+00
-4.048654556274414062e+00 4.852508068084716797e+00
-6.920682191848754883e-01 4.202366828918457031e+00
3.052269697189331055e+00 -6.674968600273132324e-01
8.574969172477722168e-01 -5.164302587509155273e-01
-2.329234361648559570e+00 2.904884815216064453e+00
5.370681285858154297e+00 -3.399418354034423828e+00
2.493726730346679688e+00 6.206640005111694336e-01
-5.283779144287109375e+00 3.707149982452392578e+00
-3.264606475830078125e+00 6.708329677581787109e+00
4.123935997486114502e-01 1.459831714630126953e+00
1.076161146163940430e+00 1.127676248550415039e+00
-2.029016017913818359e+00 3.263050079345703125e+00
-5.261961936950683594e+00 5.745066642761230469e+00
-4.410361289978027344e+00 6.507943630218505859e+00
6.538024425506591797e+00 -4.308606147766113281e+00
-1.945972442626953125e-03 4.142194092273712158e-01
-6.092320919036865234e+00 7.191713809967041016e+00
-1.784277915954589844e+00 8.029851317405700684e-01
-2.673938274383544922e-01 1.467441558837890625e+00
-4.754497528076171875e+00 5.173298835754394531e+00
2.979913473129272461e+00 -1.779987096786499023e+00
-2.546508789062500000e+00 1.603344559669494629e+00
3.462068080902099609e+00 -2.467396259307861328e-01
-4.921928346157073975e-01 8.837605714797973633e-01
-1.367525696754455566e+00 1.734836339950561523e+00
4.303332805633544922e+00 -3.215252876281738281e+00
8.968985676765441895e-01 1.898881077766418457e+00
-3.285432338714599609e+00 4.032058238983154297e+00
-8.492944717407226562e+00 6.878659248352050781e+00
-3.454545974731445312e+00 3.246077060699462891e+00
1.109220504760742188e+00 -6.100881099700927734e-02
-6.120041370391845703e+00 7.887958526611328125e+00
-3.722873449325561523e+00 3.842453956604003906e+00
-2.089234828948974609e+00 4.846095740795135498e-01
2.656528472900390625e+00 -1.462081909179687500e+00
3.702525615692138672e+00 -3.052072048187255859e+00
-5.422369837760925293e-01 6.300822496414184570e-01
3.229723930358886719e+00 -3.533442020416259766e+00
2.475989818572998047e+00 -1.953670263290405273e+00
4.534977674484252930e-02 1.485746383666992188e+00
1.196361064910888672e+00 -1.657109022140502930e+00
-2.200247764587402344e+00 9.247517585754394531e-01
6.875413894653320312e+00 -5.266656398773193359e+00
-5.467965602874755859e-01 6.968787908554077148e-01
-5.032289028167724609e+00 5.135407447814941406e+00
-1.833034753799438477e+00 1.920292019844055176e+00
-7.626870155334472656e+00 7.225664138793945312e+00
-1.149353384971618652e+00 4.323666691780090332e-01
-1.041862845420837402e+00 2.509594440460205078e+00
2.837753295898437500e-01 -8.450980186462402344e-01
1.987382650375366211e+00 1.394628405570983887e+00
2.521831989288330078e+00 -7.340034842491149902e-01
-2.123563051223754883e+00 5.048015594482421875e+00
-3.692139983177185059e-01 2.529587030410766602e+00
2.424593687057495117e+00 1.085542201995849609e+00
3.832118749618530273e+00 -4.357669353485107422e+00
-5.538263797760009766e+00 4.335630893707275391e+00
-2.181236147880554199e-01 1.813707828521728516e+00
-3.743250846862792969e+00 4.626636505126953125e-01
2.922353506088256836e+00 1.357489109039306641e+00
-5.921998023986816406e-01 3.020750284194946289e+00
1.027967214584350586e+00 -1.163672924041748047e+00
3.970520496368408203e+00 -3.678978443145751953e+00
-2.417040348052978516e+00 6.367976665496826172e-01
-1.144387531280517578e+01 1.232727146148681641e+01
2.686480283737182617e+00 1.039417386054992676e-01
7.715018987655639648e-01 4.601524174213409424e-01
5.411229133605957031e+00 -2.964325428009033203e+00
1.462208986282348633e+00 -1.178727746009826660e+00
4.208049297332763672e+00 -2.560120344161987305e+00
-3.844923734664916992e+00 5.792978286743164062e+00
-4.892732143402099609e+00 4.090585708618164062e+00
-5.627105236053466797e+00 8.272251129150390625e+00
5.833413004875183105e-01 1.058606505393981934e-01
2.570204496383666992e+00 -4.418460845947265625e+00
-7.914695739746093750e-01 3.593376636505126953e+00
-1.588220000267028809e+00 7.272515296936035156e-01
-5.635852813720703125e+00 4.852686405181884766e+00
-5.111048221588134766e+00 3.429272651672363281e+00
1.798045158386230469e+00 5.272126793861389160e-01
1.307002902030944824e+00 5.898929238319396973e-01
-5.572097778320312500e+00 5.540223121643066406e+00
-4.248812675476074219e+00 4.155032157897949219e+00
-1.286253690719604492e+00 2.373934268951416016e+00
-2.754998207092285156e+00 5.345133781433105469e+00
-8.826215744018554688e+00 8.998619079589843750e+00
2.489936828613281250e+00 -3.228178739547729492e+00
1.606855630874633789e+00 2.701291441917419434e-01
-4.967092990875244141e+00 5.658854007720947266e+00
-1.946418762207031250e+00 1.796809673309326172e+00
-3.077000975608825684e-01 1.093875527381896973e+00
6.272678375244140625e-01 1.370251774787902832e+00
-3.254614830017089844e+00 3.886433601379394531e+00
-1.188253164291381836e-01 4.054359436035156250e+00
-4.643378734588623047e+00 4.691054821014404297e+00
5.398348808288574219e+00 -2.983028173446655273e+00
-2.686040401458740234e+00 4.533082962036132812e+00
-1.913466453552246094e+00 2.196415662765502930e+00
-8.119661808013916016e-01 1.848631501197814941e+00
2.202088356018066406e+00 -2.999826669692993164e-01
4.335599422454833984e+00 -6.996781229972839355e-01
-3.421527385711669922e+00 5.459733009338378906e+00
5.270896911621093750e+00 -4.163678169250488281e+00
-7.972860336303710938e+00 1.074056339263916016e+01
-4.543109893798828125e+00 5.361967086791992188e+00
5.785326957702636719e+00 -4.138537883758544922e+00
2.190855741500854492e+00 4.474515914916992188e-01
3.058776140213012695e+00 -5.474970340728759766e+00
1.164947867393493652e+00 3.785499334335327148e-01
1.341100215911865234e+00 2.690462827682495117e+00
2.403791904449462891e+00 -8.316309452056884766e-01
-4.367712497711181641e+00 4.263144016265869141e+00
2.442475795745849609e+00 -1.033814549446105957e+00
-4.907992184162139893e-01 2.706199645996093750e+00
5.182842731475830078e+00 -5.242335319519042969e+00
5.106766700744628906e+00 -3.301847934722900391e+00
-6.205916404724121094e+00 7.297796249389648438e+00
-3.793575763702392578e-01 2.197177886962890625e+00
2.071275949478149414e+00 4.246529564261436462e-02
-9.538818597793579102e-01 -6.389372944831848145e-01
4.324886798858642578e+00 -3.457138061523437500e+00
-1.837001085281372070e+00 4.739675521850585938e+00
-2.030550479888916016e+00 3.637751102447509766e+00
5.659303069114685059e-01 2.029026508331298828e+00
-2.219080209732055664e+00 1.858754515647888184e+00
-3.648018598556518555e+00 5.293934345245361328e-01
5.935621261596679688e-01 4.133458137512207031e+00
2.353327274322509766e+00 -3.808217048645019531e-01
-8.211523056030273438e+00 1.001801967620849609e+01
-3.540909290313720703e+00 4.682881832122802734e+00
-1.342245578765869141e+00 5.293445587158203125e-01
-1.798473477363586426e+00 3.111965179443359375e+00
-3.845359802246093750e+00 3.216490745544433594e+00
2.256505727767944336e+00 1.563455104827880859e+00
5.986306667327880859e-01 1.967914819717407227e+00
-6.053906679153442383e-02 8.873270750045776367e-01
-5.564749717712402344e+00 5.760595321655273438e+00
2.483722925186157227e+00 -2.005402565002441406e+00
8.302097320556640625e-01 1.525102406740188599e-01
1.809308171272277832e+00 -2.155277252197265625e+00
-5.239077568054199219e+00 4.720160007476806641e+00
-7.324782848358154297e+00 1.001054096221923828e+01
-1.795040965080261230e-01 1.233273029327392578e+00
-1.099608063697814941e+00 6.848213672637939453e-01
-6.101537704467773438e+00 5.493417263031005859e+00
-2.480719566345214844e+00 2.966218948364257812e+00
2.084370136260986328e+00 -4.205890893936157227e-01
1.317939639091491699e+00 -2.539581060409545898e+00
-2.866853237152099609e+00 5.469491004943847656e+00
4.599135398864746094e+00 -6.608567237854003906e+00
-6.595004081726074219e+00 3.965011596679687500e+00
2.928636312484741211e+00 -9.373333454132080078e-01
1.606837630271911621e+00 2.198932170867919922e+00
-3.726718902587890625e+00 4.229289054870605469e+00
3.563181877136230469e+00 -4.729100704193115234e+00
5.925982594490051270e-01 1.549909949302673340e+00
2.154844999313354492e+00 -3.163549900054931641e+00
3.504779338836669922e+00 -2.270843982696533203e+00
4.347343444824218750e-01 2.247104167938232422e+00
2.925376176834106445e+00 -2.998606920242309570e+00
2.890951156616210938e+00 -3.467361330986022949e-01
-6.647405624389648438e+00 4.741320610046386719e+00
1.848654150962829590e+00 -4.506990909576416016e-01
-4.137584686279296875e+00 4.994348049163818359e+00
-2.936200380325317383e+00 4.460214138031005859e+00
2.389740228652954102e+00 -5.291923880577087402e-01
2.622377872467041016e-02 1.894095778465270996e+00
-4.837143421173095703e+00 4.862523078918457031e+00
-3.236326217651367188e+00 3.798580884933471680e+00
4.552500724792480469e+00 -2.011775493621826172e+00
1.249585437774658203e+01 -6.792833805084228516e+00
-1.292982101440429688e-01 1.267475366592407227e+00
-2.479095697402954102e+00 1.441479206085205078e+00
1.630647182464599609e+00 1.499727964401245117e+00
-5.614576816558837891e+00 5.288243293762207031e+00
-2.639337301254272461e+00 3.133365631103515625e+00
-2.185702323913574219e-01 2.879171609878540039e+00
2.431198596954345703e+00 9.717627167701721191e-01
2.616680562496185303e-01 -5.124213695526123047e-01
-7.666186809539794922e+00 7.574003696441650391e+00
-9.836733341217041016e-02 1.677924513816833496e+00
-4.734184265136718750e+00 5.652798652648925781e+00
-1.303521633148193359e+01 1.301087379455566406e+01
-4.326142311096191406e+00 5.335704326629638672e+00
-3.696069240570068359e+00 4.046794414520263672e+00
-6.092619419097900391e+00 6.436839103698730469e+00
-3.301343441009521484e+00 4.680631160736083984e+00
-6.441349387168884277e-01 1.985413670539855957e+00
2.102215290069580078e+00 -1.957546591758728027e+00
-4.597916603088378906e+00 5.361587047576904297e+00
-4.882815361022949219e+00 5.477423191070556641e+00
-4.098766326904296875e+00 4.040777206420898438e+00
6.301904320716857910e-01 1.519707918167114258e+00
7.138020038604736328e+00 -4.118506431579589844e+00
-2.529414594173431396e-01 1.076598882675170898e+00
-7.578672885894775391e+00 6.932612895965576172e+00
-4.615105628967285156e+00 2.905219316482543945e+00
-5.731102466583251953e+00 5.192262172698974609e+00
2.959840297698974609e-01 2.333800792694091797e+00
4.290134906768798828e-01 1.929496884346008301e+00
1.440873980522155762e+00 -4.463661909103393555e-01
-2.461873441934585571e-01 2.177604913711547852e+00
-2.741027355194091797e+00 2.738187074661254883e+00
-2.498450517654418945e+00 5.273065567016601562e+00
5.628113150596618652e-01 2.201870679855346680e+00
5.017415523529052734e+00 -2.301933050155639648e+00
-3.000039577484130859e+00 5.033643245697021484e+00
7.119105458259582520e-01 -2.181419134140014648e+00
-8.368163108825683594e-01 3.171179771423339844e+00
2.815637588500976562e-01 2.105644702911376953e+00
-4.039822578430175781e+00 4.607884407043457031e+00
1.508103728294372559e+00 -7.909651398658752441e-01
-3.767251014709472656e+00 2.462345600128173828e+00
-1.924322843551635742e+00 6.209609508514404297e+00
-4.893809318542480469e+00 6.456722736358642578e+00
-7.932353019714355469e-02 -1.848501443862915039e+00
-5.743820190429687500e+00 5.398429393768310547e+00
4.864348173141479492e-01 -2.801396846771240234e-01
-5.018013477325439453e+00 4.373412132263183594e+00
1.960214495658874512e+00 -6.000256538391113281e-02
-1.612436532974243164e+00 3.424225807189941406e+00
-5.120977401733398438e+00 8.501605987548828125e+00
-2.933697223663330078e+00 2.889607191085815430e+00
4.544466495513916016e+00 -3.309290170669555664e+00
-2.500932931900024414e+00 3.710602045059204102e+00
2.471546411514282227e+00 -6.744787693023681641e-01
1.429711341857910156e+00 -1.735943436622619629e+00
1.873783946037292480e+00 -1.117872595787048340e+00
1.089687585830688477e+00 -1.157086372375488281e+00
-4.682084083557128906e+00 6.641933441162109375e+00
-7.450565814971923828e+00 8.396179199218750000e+00
-3.776988029479980469e+00 7.923217296600341797e+00
-2.462671995162963867e+00 3.810347557067871094e+00
2.431075096130371094e+00 -5.913245081901550293e-01
-8.709295988082885742e-01 3.406287193298339844e+00
1.962241411209106445e+00 -3.321668505668640137e-01
-3.095223903656005859e+00 2.817273378372192383e+00
-2.088382244110107422e+00 1.680762052536010742e+00
-1.369877308607101440e-01 2.216902732849121094e+00
-5.657517313957214355e-01 2.103858947753906250e+00
-1.084998965263366699e+00 -5.615191459655761719e-01
-3.851666748523712158e-01 4.803583145141601562e+00
-5.270976543426513672e+00 7.482634544372558594e+00
-5.781529426574707031e+00 7.105166435241699219e+00
-3.007963657379150391e+00 5.287429809570312500e+00
-3.135910511016845703e+00 5.302969455718994141e+00
-4.205272674560546875e+00 5.977701187133789062e+00
-3.635402679443359375e+00 5.020375728607177734e+00
-4.432259082794189453e+00 4.934982776641845703e+00
2.657262325286865234e+00 -2.341787338256835938e+00
-4.491357326507568359e+00 5.247240543365478516e+00
-8.829308152198791504e-01 2.432685375213623047e+00
4.495852470397949219e+00 -2.673223495483398438e+00
-3.544334650039672852e+00 4.076170921325683594e+00
1.359039783477783203e+00 4.997752308845520020e-01
8.835159540176391602e-01 -5.751488208770751953e-01
4.619008600711822510e-01 2.700417041778564453e+00
1.574536561965942383e+00 -5.776329040527343750e-01
8.184081077575683594e+00 -6.533933162689208984e+00
-1.489340901374816895e+00 3.233951807022094727e+00
2.099676132202148438e+00 -1.137767076492309570e+00
-9.807238578796386719e-01 3.696664571762084961e+00
-1.995714306831359863e+00 1.200084924697875977e+00
-6.842827796936035156e-01 2.704493522644042969e+00
-5.853662490844726562e-01 1.523640394210815430e+00
-4.386120796203613281e+00 5.377822399139404297e+00
1.172401666641235352e+00 -2.043517529964447021e-01
1.410148620605468750e+00 -9.144050478935241699e-01
-3.402583599090576172e+00 2.267148494720458984e+00
-7.878965854644775391e+00 8.950366020202636719e+00
-7.011992454528808594e+00 5.644999027252197266e+00
-8.882179260253906250e-01 2.904181003570556641e+00
1.385092616081237793e+00 -1.737778633832931519e-01
-1.981363058090209961e+00 5.008920192718505859e+00
-1.789594888687133789e+00 4.945829510688781738e-01
5.728663444519042969e+00 -4.676501274108886719e+00
-2.372666358947753906e+00 1.853817701339721680e+00
-6.821538805961608887e-01 1.790778040885925293e+00
3.515297770500183105e-01 1.431911587715148926e-01
1.219139099121093750e-01 -4.773418903350830078e-01
-2.005907297134399414e+00 2.151038408279418945e+00
-5.660060405731201172e+00 8.529393196105957031e+00
-4.026991367340087891e+00 3.818382501602172852e+00
-8.930778503417968750e-01 4.689623832702636719e+00
-7.490273475646972656e+00 8.696329116821289062e+00
2.160445213317871094e+00 -1.274780631065368652e+00
4.312867641448974609e+00 -4.174821376800537109e+00
9.058815240859985352e-01 -1.681817293167114258e+00
3.450230598449707031e+00 1.474155902862548828e+00
-1.893878102302551270e+00 2.357540130615234375e+00
-9.447647929191589355e-01 8.224132657051086426e-01
-4.255835056304931641e+00 5.613914489746093750e+00
1.964956998825073242e+00 8.556326627731323242e-01
-4.092683315277099609e+00 3.886530637741088867e+00
-2.381847649812698364e-01 2.628126382827758789e+00
-5.115888118743896484e-01 4.005229473114013672e+00
-1.200031995773315430e+00 2.758652448654174805e+00
1.297778964042663574e+00 8.259660005569458008e-02
5.456982135772705078e+00 -4.491824626922607422e+00
-1.973384261131286621e+00 3.256471157073974609e+00
3.147956609725952148e+00 -1.854191184043884277e+00
-4.785897254943847656e+00 6.192321300506591797e+00
-5.858031272888183594e+00 5.017830848693847656e+00
6.253956317901611328e+00 -3.329708576202392578e+00
7.490062236785888672e+00 -6.048775196075439453e+00
-5.884258270263671875e+00 4.546332359313964844e+00
8.740291595458984375e-01 3.595851182937622070e+00
6.103578805923461914e-01 3.778017759323120117e-01
1.000101327896118164e+00 2.729884386062622070e-01
-3.052060604095458984e+00 4.039508819580078125e+00
-6.261664390563964844e+00 5.752398014068603516e+00
-3.386703729629516602e+00 4.491467952728271484e+00
-2.300114631652832031e+00 2.393965959548950195e+00
-7.989850640296936035e-01 1.496253490447998047e+00
-8.255886286497116089e-02 1.265025138854980469e+00
-5.567957401275634766e+00 3.381834268569946289e+00
3.141490459442138672e+00 -3.740152359008789062e+00
-8.166652172803878784e-02 8.046727776527404785e-01
-6.338502883911132812e+00 5.796608924865722656e+00
1.094878435134887695e+00 -1.811079502105712891e+00
1.613360643386840820e-01 3.025107383728027344e+00
-3.679462194442749023e+00 4.238604545593261719e+00
2.767365872859954834e-01 2.412929773330688477e+00
9.290286898612976074e-01 4.321732223033905029e-01
-1.501496553421020508e+00 1.440379619598388672e+00
-9.183991551399230957e-01 2.760469913482666016e-03
-2.911321401596069336e+00 7.477588653564453125e+00
-1.303679585456848145e+00 -2.402759552001953125e+00
-2.323594570159912109e+00 4.753291130065917969e+00
-2.003708124160766602e+00 1.835471391677856445e+00
-7.786432743072509766e+00 9.860643386840820312e+00
-3.766281843185424805e+00 7.122011184692382812e+00
-7.052018046379089355e-01 2.161355257034301758e+00
4.129883766174316406e+00 -3.332217454910278320e+00
5.013097286224365234e+00 -3.149000644683837891e+00
5.034717321395874023e-01 2.316601037979125977e+00
2.926079034805297852e+00 -1.933547496795654297e+00
1.292245388031005859e-01 3.339051246643066406e+00
-2.908595085144042969e+00 3.928845405578613281e+00
-1.157219171524047852e+00 4.773813724517822266e+00
8.329058885574340820e-01 -1.244033694267272949e+00
-3.351862192153930664e+00 4.758360862731933594e+00
-1.853054285049438477e+00 2.705319404602050781e+00
-5.516840934753417969e+00 6.890089035034179688e+00
-4.218788146972656250e+00 3.192421913146972656e+00
-5.084400177001953125e+00 6.203896999359130859e+00
-8.730545043945312500e+00 1.012741661071777344e+01
-2.534619808197021484e+00 2.412830591201782227e+00
1.561289191246032715e+00 -3.732097864151000977e+00
5.232797622680664062e+00 -3.322131395339965820e+00
-5.933101177215576172e-01 2.744936704635620117e+00
3.842120647430419922e+00 -5.270571708679199219e-01
2.385663747787475586e+00 -1.206864953041076660e+00
-1.386508226394653320e+00 2.771434068679809570e+00
-2.553624391555786133e+00 3.155951976776123047e+00
-1.315076112747192383e+00 2.637650072574615479e-01
-2.160819768905639648e+00 4.175798416137695312e+00
-2.002595424652099609e+00 1.921605110168457031e+00
-1.501561164855957031e+00 1.243142247200012207e+00
1.375187635421752930e-01 2.306645870208740234e+00
-3.757544159889221191e-01 1.954025030136108398e+00
7.288978695869445801e-01 1.167833685874938965e+00
2.275076806545257568e-01 4.869997501373291016e-01
-3.475082397460937500e+00 4.129187107086181641e+00
-3.311300992965698242e+00 4.703186511993408203e+00
9.272152185440063477e-01 -1.674298763275146484e+00
-2.421398639678955078e+00 3.731459140777587891e+00
-2.305166006088256836e+00 -6.950278282165527344e-01
-4.816124916076660156e+00 5.982810497283935547e+00
1.189175367355346680e+00 -1.130700707435607910e+00
-6.746441841125488281e+00 3.340737819671630859e+00
-8.484018325805664062e+00 9.172977447509765625e+00
-3.144589662551879883e-01 3.470914840698242188e+00
2.591540098190307617e+00 -1.165151834487915039e+00
-1.525014996528625488e+00 4.206598281860351562e+00
-1.200038790702819824e+00 4.742725849151611328e+00
3.502870559692382812e+00 -1.846807718276977539e+00
2.126236438751220703e+00 -2.325914949178695679e-01
-2.421860218048095703e+00 2.176975250244140625e+00
8.103423118591308594e-01 -6.531239748001098633e-01
3.937155008316040039e+00 -2.481216430664062500e+00
-8.580982208251953125e+00 1.069732475280761719e+01
4.893726825714111328e+00 -4.465565681457519531e+00
3.243464708328247070e+00 -3.688355386257171631e-01
-1.117808818817138672e-01 3.352349281311035156e+00
-9.845001697540283203e-01 1.032108306884765625e+00
2.890825748443603516e+00 -2.064509153366088867e+00
-1.513363480567932129e+00 4.689195632934570312e+00
-3.385439872741699219e+00 2.989114284515380859e+00
2.392002582550048828e+00 -3.127274990081787109e+00
-6.662999987602233887e-01 3.526642322540283203e-01
-3.302599430084228516e+00 6.338761329650878906e+00
-1.556360721588134766e+00 4.748561859130859375e+00
-2.940212965011596680e+00 4.593148231506347656e+00
1.620669841766357422e+00 -1.140286922454833984e+00
-4.514056205749511719e+00 4.201238155364990234e+00
-7.527462005615234375e+00 7.055827140808105469e+00
-7.644439697265625000e+00 4.887010574340820312e+00
5.006784439086914062e+00 -4.374459743499755859e+00
4.470471382141113281e+00 -1.565442442893981934e+00
2.152511835098266602e+00 -9.356232881546020508e-01
-6.730779170989990234e+00 6.798244953155517578e+00
1.933521866798400879e+00 -2.436652183532714844e-01
7.150000333786010742e-01 2.944332599639892578e+00
3.776324272155761719e+00 -1.262252807617187500e+00
3.220658302307128906e+00 -3.842565536499023438e+00
3.489316105842590332e-01 2.064015388488769531e+00
1.727658987045288086e+00 5.079132318496704102e-01
-1.595258951187133789e+00 2.115083456039428711e+00
2.296350955963134766e+00 1.524441719055175781e+00
2.656977415084838867e+00 8.958375453948974609e-01
-3.239755630493164062e-01 1.736427187919616699e+00
5.365273952484130859e+00 -5.696887969970703125e+00
-3.687938451766967773e+00 4.026843070983886719e+00
-6.197803020477294922e+00 7.815206050872802734e+00
-4.622532367706298828e+00 7.563035964965820312e+00
-4.629319190979003906e+00 6.964634418487548828e+00
6.035216331481933594e+00 -4.048525810241699219e+00
-2.099312782287597656e+00 5.346464157104492188e+00
-2.221754074096679688e+00 2.688434839248657227e+00
-5.383430004119873047e+00 6.139562606811523438e+00
-1.174967288970947266e+01 1.507092380523681641e+01
1.375450491905212402e+00 -1.675201416015625000e+00
-2.168849468231201172e+00 5.343229770660400391e+00
-2.464550971984863281e+00 3.415549755096435547e+00
-3.332972049713134766e+00 7.232377052307128906e+00
-2.603398561477661133e+00 5.033071994781494141e+00
6.868973731994628906e+00 -5.965413093566894531e+00
2.270629882812500000e+00 -3.400218009948730469e+00
-4.753219127655029297e+00 3.611813545227050781e+00
5.094403028488159180e-02 -1.151112198829650879e+00
6.291039466857910156e+00 -4.240622997283935547e+00
-3.528448820114135742e+00 6.781522750854492188e+00
1.540619134902954102e+00 -2.498630285263061523e-01
-6.948955059051513672e+00 8.333539962768554688e+00
-4.786561131477355957e-01 2.761267125606536865e-01
2.050168037414550781e+00 -3.404265880584716797e+00
3.119360208511352539e-01 2.227086305618286133e+00
-2.866575956344604492e+00 2.763059616088867188e+00
-5.174768924713134766e+00 6.332453250885009766e+00
-2.797704219818115234e+00 2.748248338699340820e+00
8.484581112861633301e-01 3.121163845062255859e+00
-3.763225078582763672e+00 7.186504840850830078e+00
1.176219701766967773e+00 1.057119250297546387e+00
-5.278414249420166016e+00 6.371970176696777344e+00
4.083889484405517578e+00 -3.153918504714965820e+00
1.151238441467285156e+00 -1.103805184364318848e+00
1.202836036682128906e+00 4.514366388320922852e-01
-1.843521833419799805e+00 3.061184883117675781e+00
-2.422114610671997070e+00 3.973198652267456055e+00
-3.148521184921264648e+00 4.621886730194091797e+00
1.030254602432250977e+00 9.516944289207458496e-01
3.699469864368438721e-01 7.836818695068359375e-01
7.486902475357055664e-01 2.903421640396118164e+00
-1.723048686981201172e-01 1.279974818229675293e+00
8.497743606567382812e-01 5.418790578842163086e-01
4.773614406585693359e+00 -4.383523464202880859e+00
5.491891860961914062e+00 -2.401457071304321289e+00
-2.063303589820861816e-01 1.250005662441253662e-01
2.721900701522827148e+00 -3.351938486099243164e+00
-3.546904087066650391e+00 2.589317798614501953e+00
-2.032427787780761719e+00 6.420143127441406250e+00
5.491855621337890625e+00 -5.752325057983398438e+00
1.192707061767578125e+00 2.854120433330535889e-01
-2.953014969825744629e-01 -3.061866760253906250e-01
1.971068620681762695e+00 -4.253202438354492188e+00
-5.291086673736572266e+00 5.992144584655761719e+00
-5.955672264099121094e+00 3.771644592285156250e+00
-2.670315504074096680e+00 3.529523611068725586e+00
1.142151117324829102e+00 -6.282719373703002930e-01
8.710105419158935547e-01 5.312424898147583008e-01
-3.694792747497558594e+00 4.376434803009033203e+00
-4.735180854797363281e+00 7.295474529266357422e+00
7.325616478919982910e-01 1.713501811027526855e-01
2.553969621658325195e+00 2.194953918457031250e+00
2.793960809707641602e+00 -4.182500839233398438e-01
-2.940776944160461426e-01 3.036895990371704102e+00
4.207004070281982422e+00 -3.735808372497558594e+00
-1.390768885612487793e+00 4.285700798034667969e+00
-7.708303928375244141e+00 7.571925640106201172e+00
1.051389694213867188e+00 -2.592582106590270996e-01
-5.177572727203369141e+00 7.627305030822753906e+00
-2.448000669479370117e+00 4.518904209136962891e+00
-3.440331220626831055e-01 -3.114275336265563965e-01
-9.704238176345825195e-01 1.104359626770019531e+00
-1.591785192489624023e+00 2.419464111328125000e+00
-3.324887752532958984e+00 6.928226947784423828e+00
1.471082210540771484e+00 -2.934292256832122803e-01
-1.902921199798583984e-01 6.861829757690429688e-01
-5.285927653312683105e-01 4.684637188911437988e-01
5.015550136566162109e+00 -3.681338310241699219e+00
2.865690708160400391e+00 -4.231584548950195312e+00
-1.598976135253906250e+00 9.094977378845214844e-02
3.380548715591430664e+00 -2.033491849899291992e+00
3.063222408294677734e+00 -2.625595569610595703e+00
-5.632981777191162109e+00 8.628597259521484375e+00
-7.064397335052490234e+00 6.567748069763183594e+00
3.065138339996337891e+00 -3.147041320800781250e+00
-6.624103546142578125e+00 7.403384208679199219e+00
-2.617064237594604492e+00 3.687222242355346680e+00
3.724266052246093750e+00 -3.644337177276611328e+00
7.504465103149414062e+00 -6.050279617309570312e+00
-6.521791934967041016e+00 7.081049442291259766e+00
-4.403658866882324219e+00 2.833341360092163086e+00
7.341378331184387207e-01 1.309265136718750000e+00
-2.218769311904907227e+00 4.901691913604736328e+00
1.262912034988403320e+00 -8.415315747261047363e-01
-1.159832239151000977e+00 2.202410936355590820e+00
-8.477342605590820312e+00 8.071280479431152344e+00
1.469726800918579102e+00 3.928018093109130859e+00
-5.610984802246093750e+00 7.145408630371093750e+00
1.742453098297119141e+00 5.476354360580444336e-01
-2.078546047210693359e+00 4.189637184143066406e+00
-5.319902896881103516e-01 2.875410795211791992e+00
-4.477041244506835938e+00 6.336064815521240234e+00
-1.520419716835021973e+00 3.916143894195556641e+00
7.411910891532897949e-01 2.928039431571960449e-02
-3.733703374862670898e+00 5.650344848632812500e+00
9.225004315376281738e-01 4.512287378311157227e-01
3.524152994155883789e+00 -3.038660764694213867e+00
-5.859315872192382812e+00 4.438510894775390625e+00
-1.569820165634155273e+00 3.548418760299682617e+00
1.582057714462280273e+00 -2.113202095031738281e+00
1.279842972755432129e+00 -1.026681065559387207e-01
-5.485698223114013672e+00 5.143993377685546875e+00
-2.560827434062957764e-01 1.157699108123779297e+00
8.762276172637939453e-02 2.569121360778808594e+00
-2.588091850280761719e+00 3.756882429122924805e+00
-5.666377544403076172e+00 6.578252315521240234e+00
4.808620452880859375e+00 -3.914299726486206055e+00
4.173927307128906250e+00 -2.552622556686401367e+00
-4.877906322479248047e+00 4.910987854003906250e+00
4.909400463104248047e+00 -3.672378778457641602e+00
-4.388659596443176270e-01 1.603955745697021484e+00
1.493769049644470215e+00 -1.154146194458007812e+00
2.698237895965576172e+00 -1.630674719810485840e+00
-2.343428850173950195e+00 2.288058280944824219e+00
-3.047329187393188477e+00 6.009286403656005859e+00
8.482291698455810547e-01 1.000512540340423584e-01
-8.744491934776306152e-01 4.354968070983886719e+00
-3.055062532424926758e+00 2.970783233642578125e+00
1.541612744331359863e+00 7.749724388122558594e-01
-2.648072540760040283e-01 5.580503940582275391e-01
-1.746948003768920898e+00 3.252588748931884766e+00
-3.798378467559814453e+00 3.646872520446777344e+00
5.891238212585449219e+00 -5.357076644897460938e+00
-3.557256460189819336e+00 4.122125148773193359e+00
4.836849868297576904e-01 -5.325427651405334473e-01
-1.856216311454772949e+00 5.514835357666015625e+00
-3.612041711807250977e+00 2.753961563110351562e+00
-1.302216053009033203e-01 1.242166519165039062e+00
-5.785541534423828125e+00 4.790840625762939453e+00
2.158778190612792969e+00 8.047025203704833984e-01
-1.177760124206542969e+00 2.212694168090820312e+00
-4.325805664062500000e+00 6.360799789428710938e+00
9.717682003974914551e-01 2.889729976654052734e+00
-2.299917697906494141e+00 2.347936630249023438e+00
-8.252342939376831055e-01 2.578021526336669922e+00
5.287367820739746094e+00 -4.165219783782958984e+00
6.161077618598937988e-01 1.401699185371398926e+00
-4.184017181396484375e+00 5.498751163482666016e+00
8.207772374153137207e-01 2.076356410980224609e+00
-4.389570713043212891e+00 1.870958089828491211e+00
-2.339321136474609375e+00 3.157907247543334961e+00
3.622145652770996094e+00 -4.986838102340698242e-01
-4.110784053802490234e+00 4.366669178009033203e+00
-4.054671764373779297e+00 5.462337970733642578e+00
2.843434214591979980e-01 3.231419920921325684e-01
-3.472780704498291016e+00 5.578200817108154297e+00
-6.270204544067382812e+00 5.730114936828613281e+00
-6.526736736297607422e+00 6.268218040466308594e+00
-2.137842178344726562e+00 3.019342899322509766e+00
-7.720292568206787109e+00 6.014883041381835938e+00
1.143421053886413574e+00 2.388781070709228516e+00
-1.104117631912231445e+00 5.746199488639831543e-01
4.877420425415039062e+00 -2.167311668395996094e+00
-7.419911623001098633e-01 3.071231603622436523e+00
-1.972020030021667480e+00 3.273423910140991211e+00
1.566872596740722656e-01 -1.468045592308044434e+00
-1.406546831130981445e+00 4.616676330566406250e+00
-5.534992694854736328e+00 5.524473667144775391e+00
-8.128147125244140625e+00 5.809967994689941406e+00
-2.161775350570678711e+00 1.690195322036743164e+00
3.384862184524536133e+00 -1.669422268867492676e+00
-4.339963912963867188e+00 7.396657943725585938e+00
2.150159120559692383e+00 -1.804404258728027344e+00
-1.497653126716613770e+00 5.223704338073730469e+00
5.108562469482421875e+00 -3.633608102798461914e+00
-4.335667610168457031e+00 7.992494106292724609e+00
-5.164759635925292969e+00 7.369820594787597656e+00
-2.887433767318725586e+00 3.348564624786376953e+00
1.652659177780151367e+00 1.038590550422668457e+00
-4.316694736480712891e+00 4.544091701507568359e+00
3.530370712280273438e+00 -3.023892402648925781e+00
-5.014492988586425781e+00 5.375830173492431641e+00
-1.657981514930725098e+00 2.193917274475097656e+00
1.708067178726196289e+00 -3.152055144309997559e-01
-1.562816262245178223e+00 3.073563814163208008e+00
3.947854042053222656e+00 -4.087441444396972656e+00
4.525714397430419922e+00 -2.136675357818603516e+00
-5.041395664215087891e+00 6.199347019195556641e+00
-4.019441127777099609e+00 7.118956565856933594e+00
-4.144276142120361328e+00 3.996325492858886719e+00
3.617619991302490234e+00 1.005264520645141602e-01
-1.522686332464218140e-01 7.303785681724548340e-01
-6.233547687530517578e+00 7.145585060119628906e+00
-7.886713743209838867e-01 2.194912433624267578e+00
-4.195065975189208984e+00 4.728509902954101562e+00
2.448960065841674805e+00 1.041143894195556641e+00
-1.141396880149841309e+00 3.802255153656005859e+00
1.696426510810852051e+00 -1.321026325225830078e+00
2.287181854248046875e+00 -6.691597700119018555e-01
3.643510818481445312e+00 -1.445023059844970703e+00
-6.714175701141357422e+00 5.640066146850585938e+00
9.049230813980102539e-02 1.465567111968994141e+00
-3.520541787147521973e-01 6.641539335250854492e-01
-2.965241432189941406e+00 2.947456121444702148e+00
-3.025008678436279297e+00 3.591478824615478516e+00
1.940716266632080078e+00 -2.544008493423461914e+00
-6.411642551422119141e+00 7.465856075286865234e+00
-2.438312768936157227e+00 2.411150455474853516e+00
-1.407401323318481445e+00 1.614001750946044922e+00
-3.744685173034667969e+00 5.389821529388427734e+00
-1.928585916757583618e-01 1.488236069679260254e+00
-3.913476943969726562e+00 3.270586967468261719e+00
-1.602125167846679688e-02 -7.737639546394348145e-01
-4.740332603454589844e+00 4.084023475646972656e+00
1.267479419708251953e+00 1.334240913391113281e+00
3.413315296173095703e+00 -7.974339723587036133e-01
-1.909274220466613770e+00 2.345827579498291016e+00
-7.110644578933715820e-01 -2.394776582717895508e+00
-4.855750560760498047e+00 6.261016845703125000e+00
7.410728931427001953e-01 -5.242636203765869141e-01
-8.308034539222717285e-01 2.483989477157592773e+00
-1.391544580459594727e+00 2.062608718872070312e+00
9.852063655853271484e-01 -2.477347373962402344e+00
2.133456707000732422e+00 -1.437944054603576660e+00
2.036112308502197266e+00 -5.656931400299072266e-01
-3.501623392105102539e+00 4.881564140319824219e+00
2.398734807968139648e+00 -1.546326637268066406e+00
-9.089384078979492188e-01 1.619910717010498047e+00
1.575798273086547852e+00 -1.832419872283935547e+00
-5.745117187500000000e+00 5.634489059448242188e+00
-1.939324259757995605e+00 2.419376611709594727e+00
6.736751198768615723e-01 1.750758647918701172e+00
-3.374973297119140625e+00 2.999191999435424805e+00
-4.039757251739501953e+00 4.150991439819335938e+00
-4.701166152954101562e+00 4.702805519104003906e+00
1.671094894409179688e+00 4.557374715805053711e-01
4.202591419219970703e+00 -3.219512224197387695e+00
-4.814268589019775391e+00 5.214561939239501953e+00
-7.427017092704772949e-01 -8.142580986022949219e-01
-7.754418253898620605e-02 2.989113807678222656e+00
2.807718276977539062e+00 -2.821510076522827148e+00
-2.421650171279907227e+00 2.566783666610717773e+00
-2.279764890670776367e+00 2.702608585357666016e+00
-1.219807863235473633e+00 1.572695016860961914e+00
-3.533285617828369141e+00 4.600003242492675781e+00
6.514886021614074707e-01 2.458763837814331055e+00
-3.910557746887207031e+00 5.859750270843505859e+00
2.294356107711791992e+00 -2.003040313720703125e+00
-6.037878513336181641e+00 4.243754386901855469e+00
-4.677861928939819336e-02 3.180643558502197266e+00
2.012388706207275391e+00 -1.108765721321105957e+00
-5.276963710784912109e+00 6.469127178192138672e+00
-3.090287446975708008e+00 2.389179944992065430e+00
1.377009391784667969e+00 -4.235284924507141113e-01
-6.671469211578369141e-01 7.885879278182983398e-01
-4.968945503234863281e+00 5.972201347351074219e+00
-4.930312037467956543e-01 -6.586033105850219727e-02
-3.830099344253540039e+00 4.195579528808593750e+00
-9.668111801147460938e+00 1.219292545318603516e+01
-6.821957588195800781e+00 8.084136009216308594e+00
-3.603550910949707031e+00 4.794551849365234375e+00
-2.283377885818481445e+00 2.443182945251464844e+00
-2.881706237792968750e+00 7.867865562438964844e-01
-1.623714923858642578e+00 2.270290851593017578e+00
9.113756418228149414e-01 2.276104688644409180e+00
-3.005213737487792969e+00 2.446791648864746094e+00
-2.337974309921264648e+00 3.298501253128051758e+00
8.876395225524902344e+00 -5.893256187438964844e+00
-1.166550993919372559e+00 4.531369209289550781e-01
-4.540080070495605469e+00 3.584913730621337891e+00
-3.854183912277221680e+00 4.385098934173583984e+00
2.338559865951538086e+00 -2.519516706466674805e+00
4.209787368774414062e+00 -2.913907766342163086e+00
9.791480898857116699e-01 4.109457731246948242e-01
7.685434818267822266e-01 -5.280780792236328125e-01
3.206911802291870117e+00 -2.490401744842529297e+00
-3.270883858203887939e-01 2.265244245529174805e+00
-4.418014049530029297e+00 5.467740535736083984e+00
-1.106551766395568848e+00 2.616356372833251953e+00
-3.607348501682281494e-01 2.289525985717773438e+00
-3.901880264282226562e+00 3.491118669509887695e+00
-1.805139183998107910e+00 2.562422275543212891e+00
-9.291806221008300781e-01 -4.638135433197021484e-02
-2.757677316665649414e+00 5.761436939239501953e+00
-1.504466414451599121e+00 3.104504823684692383e+00
-5.918932557106018066e-01 3.955449163913726807e-01
-1.573615074157714844e+00 2.802901744842529297e+00
4.805150032043457031e-01 -1.633391261100769043e+00
-1.476837396621704102e-01 -3.316234946250915527e-01
3.472634553909301758e+00 -2.556929349899291992e+00
-3.064265251159667969e+00 3.522975206375122070e+00
-4.692278385162353516e+00 6.072299957275390625e+00
-6.986217498779296875e+00 5.660934925079345703e+00
1.899193763732910156e+00 -1.081776022911071777e+00
-1.209195256233215332e+00 5.902685165405273438e+00
-2.660584926605224609e+00 5.431070327758789062e+00
-4.333361625671386719e+00 3.729874372482299805e+00
-6.043720245361328125e-02 3.119395017623901367e+00
2.177585601806640625e+00 1.785841703414916992e+00
2.967383861541748047e-01 6.106981039047241211e-01
2.139857769012451172e+00 -1.211129665374755859e+00
-4.485115051269531250e+00 3.130169630050659180e+00
1.837059497833251953e+00 -2.858764529228210449e-01
-2.307630538940429688e+00 2.627072095870971680e+00
2.913465261459350586e+00 -2.125773668289184570e+00
-9.755051732063293457e-01 7.304670214653015137e-01
3.632161140441894531e+00 -2.020029544830322266e+00
-5.930433869361877441e-01 2.088712453842163086e+00
-2.910582125186920166e-01 1.509860992431640625e+00
-2.412228822708129883e+00 3.270825147628784180e+00
2.678683996200561523e+00 -6.419687867164611816e-01
-2.286450624465942383e+00 2.926304578781127930e+00
-4.877211093902587891e+00 7.502102851867675781e+00
4.806416511535644531e+00 -4.700953483581542969e+00
-6.677006244659423828e+00 8.849297523498535156e+00
1.583342790603637695e+00 -2.558020591735839844e+00
1.719893217086791992e+00 -1.480655908584594727e+00
1.615494966506958008e+00 1.214794874191284180e+00
-3.165210723876953125e+00 2.185550689697265625e+00
1.913430452346801758e+00 -7.084364295005798340e-01
7.593832492828369141e+00 -5.314388275146484375e+00
-3.620792388916015625e+00 3.319295883178710938e+00
2.439670562744140625e+00 -7.984048128128051758e-01
-1.464131116867065430e+00 1.550648212432861328e+00
-1.292637109756469727e+00 1.218321204185485840e+00
-7.893590927124023438e+00 1.184870243072509766e+01
-3.347908973693847656e+00 2.597928762435913086e+00
2.140727281570434570e+00 -3.404224514961242676e-01
-3.489123821258544922e+00 4.516873359680175781e+00
-3.035146236419677734e+00 3.449033260345458984e+00
-8.936910629272460938e-01 9.614811539649963379e-01
-4.934875965118408203e+00 4.819110870361328125e+00
2.488164901733398438e-01 -9.446947574615478516e-01
8.140827715396881104e-02 4.147355556488037109e+00
-5.103935241699218750e+00 5.707064628601074219e+00
-2.996960639953613281e+00 5.185000419616699219e+00
-7.674529075622558594e+00 7.208033561706542969e+00
-1.680334568023681641e+00 5.888500213623046875e-01
-2.419985294342041016e+00 1.534904599189758301e+00
-5.941343307495117188e+00 7.447118759155273438e+00
9.867650866508483887e-01 2.841997742652893066e-01
3.179326653480529785e-01 1.288212537765502930e+00
2.424708127975463867e+00 -2.375355958938598633e+00
-2.028597116470336914e+00 2.642608642578125000e+00
8.794491291046142578e-01 -1.722482919692993164e+00
2.269186258316040039e+00 -3.784006834030151367e+00
-4.633960723876953125e+00 6.586934089660644531e+00
-2.140096426010131836e-01 -1.377155542373657227e+00
-3.816899776458740234e+00 5.334556579589843750e+00
4.640121936798095703e+00 -4.653289318084716797e+00
-1.282853603363037109e+00 -1.893382519483566284e-01
-1.188556289672851562e+01 1.175339221954345703e+01
-3.092163562774658203e+00 4.896339893341064453e+00
1.413297653198242188e+00 5.686032772064208984e-01
1.845008373260498047e+00 -9.366336464881896973e-01
4.698921680450439453e+00 -3.668284416198730469e+00
-5.014511942863464355e-02 3.752536773681640625e-01
-1.066600680351257324e+00 1.788183212280273438e+00
3.050218820571899414e+00 2.398393154144287109e-01
3.640570044517517090e-01 4.088981151580810547e-01
-3.993650674819946289e+00 6.755698680877685547e+00
-6.403971195220947266e+00 7.714136600494384766e+00
-3.962615013122558594e+00 3.591724872589111328e+00
-3.674664020538330078e+00 4.379122257232666016e+00
-1.459266424179077148e+00 3.913290977478027344e+00
-9.386430740356445312e+00 1.055542373657226562e+01
-1.833583593368530273e+00 2.542512893676757812e+00
-8.492355346679687500e+00 6.064881324768066406e+00
2.410718679428100586e+00 -1.982264280319213867e+00
-6.467879295349121094e+00 8.956682205200195312e+00
2.163370251655578613e-01 1.067285180091857910e+00
-8.828051567077636719e+00 8.748394012451171875e+00
-4.000473499298095703e+00 4.125353336334228516e+00
2.405097484588623047e+00 8.316189646720886230e-01
-2.935411930084228516e+00 7.076025009155273438e-01
-1.902417421340942383e+00 2.254281044006347656e+00
8.217185735702514648e-01 6.844466924667358398e-01
4.036997318267822266e+00 -3.835458517074584961e+00
-3.053670644760131836e+00 5.458678245544433594e+00
-5.164364814758300781e+00 3.721647024154663086e+00
2.407305240631103516e+00 -7.343513965606689453e-01
-1.862875699996948242e+00 2.110678672790527344e+00
