-2.889549255371093750e+00 3.839606761932373047e+00
4.520270824432373047e+00 -3.566508293151855469e+00
1.443784832954406738e+00 -4.459057450294494629e-01
-1.668110966682434082e+00 2.723744869232177734e+00
-5.571478366851806641e+00 6.620647430419921875e+00
1.214793801307678223e+00 -2.550510168075561523e-01
-5.902951717376708984e+00 6.918749332427978516e+00
2.370934039354324341e-01 7.814656496047973633e-01
-3.781674146652221680e+00 5.080969333648681641e+00
1.108595490455627441e+00 1.623726040124893188e-01
-3.592897176742553711e+00 4.614274501800537109e+00
-5.469532608985900879e-01 1.526417613029479980e+00
-7.780410647392272949e-01 1.785296082496643066e+00
-2.835856914520263672e+00 3.942944049835205078e+00
-1.385284781455993652e+00 2.412040710449218750e+00
-6.939972877502441406e+00 8.127183914184570312e+00
-1.674246639013290405e-01 1.132074832916259766e+00
-1.895733594894409180e+00 2.954722404479980469e+00
-2.811756134033203125e+00 4.067336082458496094e+00
-2.514401674270629883e+00 3.475872039794921875e+00
4.866324067115783691e-01 4.596911072731018066e-01
-6.129763722419738770e-01 1.745760440826416016e+00
3.231936216354370117e+00 -2.325074672698974609e+00
-7.258334636688232422e+00 8.345643043518066406e+00
-4.702344894409179688e+00 5.728112697601318359e+00
-2.148938417434692383e+00 3.259209632873535156e+00
3.901090145111083984e+00 -2.976160049438476562e+00
4.479199647903442383e-01 7.097250223159790039e-01
1.752056837081909180e+00 -4.662425518035888672e-01
-6.507506966590881348e-01 1.821188449859619141e+00
-5.771701335906982422e+00 6.810290813446044922e+00
-8.269359588623046875e+00 9.547135353088378906e+00
4.035621643066406250e+00 -3.109821319580078125e+00
8.320848941802978516e-01 2.637839913368225098e-01
-3.971821963787078857e-01 1.364147901535034180e+00
-5.765041112899780273e-01 1.702365279197692871e+00
-1.749625086784362793e+00 2.774997234344482422e+00
-3.585531473159790039e+00 4.562089443206787109e+00
1.269119381904602051e+00 -1.209066361188888550e-01
-8.931144714355468750e+00 1.011863136291503906e+01
-6.688801288604736328e+00 7.755583763122558594e+00
-3.614503383636474609e+00 4.589265346527099609e+00
-8.287044167518615723e-01 1.871616840362548828e+00
-6.900259494781494141e+00 7.960982799530029297e+00
3.336163997650146484e+00 -2.435297966003417969e+00
-3.334261178970336914e-01 1.481901288032531738e+00
3.127220869064331055e+00 -2.238138437271118164e+00
3.409992456436157227e+00 -2.505990982055664062e+00
2.178732633590698242e+00 -1.281484961509704590e+00
-1.250383704900741577e-01 1.149312138557434082e+00
-9.500758051872253418e-01 2.061197280883789062e+00
6.596208095550537109e+00 -5.612724781036376953e+00
-1.701035141944885254e+00 2.707632780075073242e+00
4.177143573760986328e-01 5.785658359527587891e-01
-3.746176004409790039e+00 4.688814640045166016e+00
-7.457021713256835938e+00 8.547451972961425781e+00
1.121671199798583984e+00 -2.222882956266403198e-01
-1.889456152915954590e+00 2.972253561019897461e+00
-2.613874197006225586e+00 3.590765953063964844e+00
-4.567208766937255859e+00 5.672751903533935547e+00
-4.939578056335449219e+00 5.924370288848876953e+00
-1.156854033470153809e+00 2.403701066970825195e+00
-4.557016849517822266e+00 5.518569469451904297e+00
3.662129640579223633e+00 -2.690851211547851562e+00
1.864284396171569824e+00 -1.002507209777832031e+00
2.362302064895629883e+00 -1.484539747238159180e+00
2.093491703271865845e-01 1.038117647171020508e+00
-8.847084045410156250e+00 1.001231002807617188e+01
2.853893995285034180e+00 -1.978903770446777344e+00
-1.912171006202697754e+00 2.895933866500854492e+00
2.128568887710571289e+00 -1.175836682319641113e+00
3.460377454757690430e+00 -2.378947019577026367e+00
-4.934378266334533691e-01 1.465908765792846680e+00
-1.078404068946838379e+00 2.109893321990966797e+00
-1.074737668037414551e+00 2.283981323242187500e+00
2.152985811233520508e+00 -1.132391452789306641e+00
-7.058107852935791016e+00 8.134769439697265625e+00
1.337872624397277832e+00 -3.442682623863220215e-01
1.312886595726013184e+00 -1.449570506811141968e-01
-1.712247252464294434e+00 2.721604585647583008e+00
2.160340547561645508e+00 -1.201965332031250000e+00
2.246539354324340820e+00 -1.336038589477539062e+00
-6.687953472137451172e+00 8.011214256286621094e+00
-2.671897172927856445e+00 3.628080844879150391e+00
2.909960031509399414e+00 -2.027345180511474609e+00
-2.448469877243041992e+00 3.618112087249755859e+00
-1.554889082908630371e+00 2.558923244476318359e+00
-4.589998722076416016e+00 5.557868480682373047e+00
-2.449726343154907227e+00 3.432203769683837891e+00
3.184788942337036133e+00 -2.279043197631835938e+00
4.043928533792495728e-02 9.338678717613220215e-01
-8.129629135131835938e+00 9.261915206909179688e+00
9.803035855293273926e-01 -5.728527903556823730e-03
-5.164977550506591797e+00 6.235338687896728516e+00
-4.696299076080322266e+00 5.695921897888183594e+00
-5.497528076171875000e+00 6.529531955718994141e+00
3.610248118638992310e-02 1.035207629203796387e+00
5.152679920196533203e+00 -4.182253360748291016e+00
-5.638760924339294434e-01 1.667880535125732422e+00
-1.537773907184600830e-01 1.302898406982421875e+00
3.443209171295166016e+00 -2.534349441528320312e+00
2.513839304447174072e-01 7.055108547210693359e-01
1.370806097984313965e+00 -4.692897796630859375e-01
-2.911698102951049805e+00 3.993019104003906250e+00
-1.092462778091430664e+00 2.110632896423339844e+00
7.668727397918701172e+00 -6.637562274932861328e+00
-1.151930093765258789e+00 2.433552742004394531e+00
-9.307726621627807617e-01 1.965774536132812500e+00
-9.198425412178039551e-01 2.009106159210205078e+00
5.492463707923889160e-01 5.057918429374694824e-01
-5.516397953033447266e+00 6.573698997497558594e+00
-6.268529295921325684e-01 1.710014581680297852e+00
-2.362638711929321289e+00 3.476879596710205078e+00
1.357515454292297363e+00 -4.667819738388061523e-01
-4.677182197570800781e+00 5.892307758331298828e+00
-2.997692823410034180e+00 3.978971481323242188e+00
-2.943054139614105225e-01 1.316405534744262695e+00
7.389276981353759766e+00 -6.362739086151123047e+00
-3.095142126083374023e+00 4.043910026550292969e+00
7.621316313743591309e-01 2.764071822166442871e-01
-1.015172958374023438e+00 2.128097295761108398e+00
4.597278594970703125e+00 -3.656232833862304688e+00
-4.840562939643859863e-01 1.639897704124450684e+00
-6.526977062225341797e+00 7.603991031646728516e+00
-3.001795530319213867e+00 3.960242271423339844e+00
-1.898775100708007812e+00 2.912118434906005859e+00
1.841241240501403809e+00 -5.597879886627197266e-01
-2.466049194335937500e+00 3.436049461364746094e+00
3.200331330299377441e-01 6.501666307449340820e-01
-1.454769968986511230e+00 2.475032806396484375e+00
-1.759657502174377441e+00 2.767290115356445312e+00
-1.421532511711120605e+00 2.651173114776611328e+00
-1.847587108612060547e+00 2.866865634918212891e+00
-2.337199449539184570e+00 3.446456432342529297e+00
-1.440763771533966064e-01 1.168361425399780273e+00
-8.704547882080078125e+00 9.901064872741699219e+00
-1.662813782691955566e+00 2.670776844024658203e+00
-5.070853829383850098e-01 1.559110164642333984e+00
-8.555490493774414062e+00 9.833686828613281250e+00
-1.253014564514160156e+00 2.311914205551147461e+00
-5.781850814819335938e+00 6.848238468170166016e+00
-5.669832229614257812e+00 6.711195945739746094e+00
8.067295074462890625e+00 -7.020098686218261719e+00
2.641877174377441406e+00 -1.766814708709716797e+00
3.069071531295776367e+00 -2.162464618682861328e+00
-1.858552455902099609e+00 2.862896203994750977e+00
1.551537394523620605e+00 -6.395986676216125488e-01
6.844043254852294922e+00 -5.792531967163085938e+00
2.060260295867919922e+00 -1.066630959510803223e+00
6.056140899658203125e+00 -5.065679073333740234e+00
2.540199995040893555e+00 -1.613570690155029297e+00
-2.134800195693969727e+00 3.111567974090576172e+00
-7.934474468231201172e+00 9.052721023559570312e+00
3.073979139328002930e+00 -2.186308860778808594e+00
5.740890979766845703e+00 -4.671863079071044922e+00
7.159631699323654175e-02 9.397881031036376953e-01
-5.360735416412353516e+00 6.394919872283935547e+00
-3.397752761840820312e+00 4.715991020202636719e+00
1.134068489074707031e+00 -2.354534119367599487e-01
2.018820047378540039e+00 -1.092052936553955078e+00
-2.698157548904418945e+00 3.775880336761474609e+00
1.984007954597473145e+00 -9.608023166656494141e-01
3.957539319992065430e+00 -2.972299575805664062e+00
-1.343110680580139160e+00 2.414913177490234375e+00
1.652349114418029785e+00 -7.738027572631835938e-01
-3.156001567840576172e-01 1.310080766677856445e+00
-2.414479017257690430e+00 3.513290882110595703e+00
-4.102366924285888672e+00 5.151526451110839844e+00
1.254909873008728027e+00 -3.601042032241821289e-01
3.783029556274414062e+00 -2.868238210678100586e+00
-7.782397866249084473e-01 1.942983627319335938e+00
1.929317831993103027e+00 -1.056110978126525879e+00
1.368848919868469238e+00 -4.744143486022949219e-01
-3.087955474853515625e+00 4.165879726409912109e+00
-4.615115642547607422e+00 5.584292888641357422e+00
3.728945732116699219e+00 -2.631480932235717773e+00
2.121460676193237305e+00 -1.054620504379272461e+00
6.119851589202880859e+00 -5.124441623687744141e+00
2.834225893020629883e+00 -1.961932182312011719e+00
-2.948040366172790527e-01 1.315916419029235840e+00
-1.624280810356140137e+00 2.635160923004150391e+00
3.317349195480346680e+00 -2.308309316635131836e+00
-1.250879049301147461e+00 2.519883155822753906e+00
1.421138167381286621e+00 -5.337622165679931641e-01
-1.758058071136474609e+00 2.765683412551879883e+00
-2.562511920928955078e+00 3.540390014648437500e+00
-2.535874128341674805e+00 3.660132408142089844e+00
3.611845254898071289e+00 -2.693497180938720703e+00
1.484734773635864258e+00 -4.539318680763244629e-01
4.376770019531250000e+00 -3.426211833953857422e+00
-1.099114894866943359e+00 2.129540443420410156e+00
3.904820084571838379e-01 6.214019656181335449e-01
-1.653740763664245605e+00 2.630626916885375977e+00
-5.677329063415527344e+00 6.729373931884765625e+00
3.301201015710830688e-02 9.713147878646850586e-01
1.079849839210510254e+00 -1.334928423166275024e-01
-7.429008007049560547e+00 8.647265434265136719e+00
9.931424260139465332e-01 -8.312784135341644287e-02
1.755050063133239746e+00 -8.610211014747619629e-01
3.957413434982299805e+00 -2.974310159683227539e+00
1.525622755289077759e-01 8.261917829513549805e-01
-1.793997138738632202e-01 1.213026404380798340e+00
-7.384833097457885742e-01 1.832553744316101074e+00
2.998498439788818359e+00 -1.949142932891845703e+00
-2.468627095222473145e-01 1.269607782363891602e+00
4.789642691612243652e-01 4.757022857666015625e-01
-1.104556202888488770e+00 2.137052059173583984e+00
-8.487078666687011719e+00 9.765396118164062500e+00
-2.450615406036376953e+00 3.662928581237792969e+00
9.047067761421203613e-01 3.017164766788482666e-02
-9.906185150146484375e+00 1.115406990051269531e+01
-3.614051580429077148e+00 4.663003444671630859e+00
-4.195973873138427734e+00 5.151304721832275391e+00
2.217319250106811523e+00 -1.319052457809448242e+00
-1.139569520950317383e+00 2.174636363983154297e+00
-3.342494726181030273e+00 4.324547290802001953e+00
-2.438987493515014648e+00 3.718639850616455078e+00
1.021152660250663757e-01 8.413062691688537598e-01
2.110164880752563477e+00 -1.184961676597595215e+00
-3.125586211681365967e-01 1.325101017951965332e+00
5.031531453132629395e-01 5.004011392593383789e-01
-6.851442456245422363e-01 1.730327486991882324e+00
-4.675652980804443359e+00 5.663763523101806641e+00
-1.021472096443176270e+00 2.373172283172607422e+00
-4.564013004302978516e+00 5.573318958282470703e+00
-7.755414485931396484e+00 8.882429122924804688e+00
-4.329020380973815918e-01 1.400283575057983398e+00
-2.980105400085449219e+00 3.957579135894775391e+00
-9.581222534179687500e-01 2.023924350738525391e+00
-2.316327571868896484e+00 3.316593408584594727e+00
-4.373903751373291016e+00 5.335812568664550781e+00
-6.603630542755126953e+00 7.646614074707031250e+00
-1.710439324378967285e+00 2.723136425018310547e+00
-2.950045824050903320e+00 4.050700187683105469e+00
-2.043982744216918945e+00 3.067517280578613281e+00
1.211200952529907227e+00 -2.161557823419570923e-01
-6.291141033172607422e+00 7.453913211822509766e+00
-7.320847511291503906e-01 1.779543638229370117e+00
1.825287699699401855e+00 -9.593178033828735352e-01
-5.815230846405029297e+00 6.904289722442626953e+00
3.149636983871459961e-01 8.830059170722961426e-01
1.015865683555603027e+00 -9.185449779033660889e-02
-4.407219409942626953e+00 5.500422954559326172e+00
4.135385513305664062e+00 -3.197496891021728516e+00
2.826065301895141602e+00 -1.929119110107421875e+00
-1.105288624763488770e+00 2.189649820327758789e+00
-2.823567152023315430e+00 3.820886850357055664e+00
-3.235032796859741211e+00 4.258521080017089844e+00
-1.179137110710144043e+00 2.210981130599975586e+00
3.171413183212280273e+00 -2.229335784912109375e+00
2.252971649169921875e+00 -1.340930104255676270e+00
-4.056472301483154297e+00 5.047665119171142578e+00
-1.092720150947570801e+00 2.121598243713378906e+00
5.719645619392395020e-01 4.280053973197937012e-01
3.487691640853881836e+00 -2.560657739639282227e+00
-1.785396695137023926e+00 2.785299301147460938e+00
1.625244736671447754e+00 -7.475767135620117188e-01
-6.641014099121093750e+00 7.723663806915283203e+00
-2.200160980224609375e+00 3.353208541870117188e+00
8.277686834335327148e-01 2.912266850471496582e-01
-5.330004215240478516e+00 6.414814949035644531e+00
-5.591628551483154297e+00 6.594903469085693359e+00
2.503446936607360840e-01 7.525261044502258301e-01
1.209188461303710938e+00 5.407884716987609863e-03
1.041899442672729492e+00 8.934010565280914307e-02
-4.915805816650390625e+00 5.973028659820556641e+00
-2.223500967025756836e+00 3.204209327697753906e+00
-3.820976614952087402e-02 1.090967893600463867e+00
-1.063010767102241516e-01 1.236564159393310547e+00
3.407734155654907227e+00 -2.500043630599975586e+00
4.741024494171142578e+00 -3.718568325042724609e+00
1.805414319038391113e+00 -8.250588178634643555e-01
4.749258756637573242e-01 4.732331633567810059e-01
-8.491771697998046875e+00 9.641126632690429688e+00
2.382347345352172852e+00 -1.515400409698486328e+00
1.533803820610046387e+00 -5.198422074317932129e-01
-7.824268937110900879e-01 1.763868570327758789e+00
-5.100054740905761719e+00 6.098131656646728516e+00
-3.541237592697143555e+00 4.539231777191162109e+00
1.823350071907043457e+00 -9.584926366806030273e-01
-6.366566181182861328e+00 7.398078441619873047e+00
8.080045580863952637e-01 1.147393733263015747e-01
3.368963003158569336e+00 -2.457895755767822266e+00
-2.500041484832763672e+00 3.688451290130615234e+00
2.486349821090698242e+00 -1.598190188407897949e+00
-3.265954256057739258e+00 4.540511608123779297e+00
-8.293632507324218750e+00 9.440516471862792969e+00
-8.811245918273925781e+00 9.984557151794433594e+00
1.844236016273498535e+00 -9.800812005996704102e-01
2.006208449602127075e-01 7.510298490524291992e-01
-1.648949980735778809e+00 2.697623491287231445e+00
2.844449281692504883e+00 -1.950001478195190430e+00
-3.157773017883300781e-01 1.401097297668457031e+00
-5.222387790679931641e+00 6.390197277069091797e+00
3.326691627502441406e+00 -2.423567771911621094e+00
2.516411840915679932e-01 7.951342463493347168e-01
-1.418792605400085449e+00 2.445891380310058594e+00
-1.102240085601806641e+00 2.128946304321289062e+00
1.749815583229064941e+00 -8.771211504936218262e-01
-6.168710231781005859e+00 7.199911117553710938e+00
-1.174545764923095703e+00 2.211459636688232422e+00
-2.444938421249389648e+00 3.446133136749267578e+00
-5.984199047088623047e+00 7.086030483245849609e+00
2.563668966293334961e+00 -1.506523609161376953e+00
-8.226021528244018555e-01 1.875928878784179688e+00
-4.678544521331787109e+00 5.728734016418457031e+00
-3.072976589202880859e+00 4.067936420440673828e+00
2.685175657272338867e+00 -1.804724931716918945e+00
-7.510757446289062500e+00 8.713702201843261719e+00
-2.286761045455932617e+00 3.273352384567260742e+00
-1.721162676811218262e+00 2.711018323898315430e+00
7.280593365430831909e-02 1.090454816818237305e+00
-3.340856313705444336e+00 4.387962341308593750e+00
1.494127392768859863e+00 -5.371404886245727539e-01
-4.864370346069335938e+00 6.009502887725830078e+00
-1.991303920745849609e+00 3.029813289642333984e+00
-3.448657512664794922e+00 4.453361988067626953e+00
-3.857987880706787109e+00 5.066360950469970703e+00
1.963515758514404297e+00 -1.063846349716186523e+00
2.199291467666625977e+00 -1.301514744758605957e+00
6.170732527971267700e-02 9.243603944778442383e-01
2.091727018356323242e+00 -1.222044825553894043e+00
5.748837947845458984e+00 -4.775814533233642578e+00
-3.815020799636840820e+00 5.009337902069091797e+00
-1.772627234458923340e+00 2.795923948287963867e+00
3.143531322479248047e+00 -2.253118991851806641e+00
-1.855280995368957520e+00 2.861741065979003906e+00
-4.817247867584228516e+00 5.875121593475341797e+00
-3.656660914421081543e-01 1.482503056526184082e+00
-5.724303722381591797e+00 6.884193897247314453e+00
-5.906887650489807129e-01 1.609343051910400391e+00
-1.647660851478576660e+00 2.703624725341796875e+00
5.108833789825439453e+00 -4.081039428710937500e+00
-2.427216432988643646e-02 9.822312593460083008e-01
3.078469038009643555e+00 -2.155261516571044922e+00
-1.839648365974426270e+00 2.828064918518066406e+00
4.562380313873291016e+00 -3.528685092926025391e+00
-3.602207422256469727e+00 4.542129039764404297e+00
-1.388492345809936523e+00 2.588325977325439453e+00
4.435761928558349609e+00 -3.467541694641113281e+00
1.697376251220703125e+00 -6.942417621612548828e-01
-1.383304953575134277e+00 2.513159751892089844e+00
3.077528715133666992e+00 -2.162425041198730469e+00
-4.436655640602111816e-01 1.430207490921020508e+00
-2.528248786926269531e+00 3.490625858306884766e+00
1.714101910591125488e+00 -6.546369194984436035e-01
-5.264625072479248047e+00 6.256200790405273438e+00
1.401739716529846191e+00 -4.518388509750366211e-01
-7.344510555267333984e-01 1.812973737716674805e+00
-5.494996905326843262e-01 1.653418064117431641e+00
-2.372815608978271484e+00 3.356933116912841797e+00
-8.230989575386047363e-01 1.893290281295776367e+00
-3.427267074584960938e+00 4.377715587615966797e+00
1.603841185569763184e+00 -6.853729486465454102e-01
1.561553716659545898e+00 -6.782805323600769043e-01
-4.010622501373291016e+00 5.147558689117431641e+00
8.140766620635986328e-01 1.508887559175491333e-01
2.970826864242553711e+00 -1.898653626441955566e+00
1.034910106658935547e+01 -9.159257888793945312e+00
-6.080840587615966797e+00 7.147832393646240234e+00
-1.082592844963073730e+00 2.113415718078613281e+00
-7.121715545654296875e+00 8.213579177856445312e+00
2.127259492874145508e+00 -9.486250877380371094e-01
-2.586147069931030273e+00 3.627077102661132812e+00
1.163889765739440918e+00 -2.390427440404891968e-01
-5.852207541465759277e-01 1.608588218688964844e+00
-6.063059329986572266e+00 7.085104942321777344e+00
-2.579690456390380859e+00 3.534801721572875977e+00
-2.352205514907836914e+00 3.316274642944335938e+00
1.638240933418273926e+00 -5.009845495223999023e-01
-3.651471853256225586e+00 4.597076892852783203e+00
1.888512492179870605e+00 -1.024732828140258789e+00
-6.837750077247619629e-01 1.663862347602844238e+00
-3.598635673522949219e+00 4.599960803985595703e+00
-1.415256857872009277e+00 2.438742160797119141e+00
-3.058469295501708984e+00 4.063170909881591797e+00
6.167819350957870483e-02 9.549084305763244629e-01
3.750349998474121094e+00 -2.752171039581298828e+00
6.997404694557189941e-01 2.950820922851562500e-01
-7.317572116851806641e+00 8.661561965942382812e+00
-5.059714794158935547e+00 6.084881305694580078e+00
1.847827583551406860e-01 7.569594383239746094e-01
3.147020816802978516e+00 -2.214148044586181641e+00
-6.212713241577148438e+00 7.286368846893310547e+00
5.194464683532714844e+00 -4.230884075164794922e+00
-3.088281393051147461e+00 4.067340850830078125e+00
-7.154818177223205566e-01 1.775877833366394043e+00
-9.762681722640991211e-01 2.063925504684448242e+00
5.838609218597412109e+00 -4.801289081573486328e+00
1.966376453638076782e-01 8.064432740211486816e-01
-1.052483439445495605e+00 2.037796735763549805e+00
-4.300183951854705811e-01 1.611763238906860352e+00
-4.373227953910827637e-01 1.629822015762329102e+00
-1.204971671104431152e+00 2.296102762222290039e+00
2.234771490097045898e+00 -1.373280405998229980e+00
-2.008633464574813843e-01 1.259007692337036133e+00
-5.407241344451904297e+00 6.534479618072509766e+00
-1.111358880996704102e+00 2.357312679290771484e+00
-5.380470752716064453e+00 6.453983306884765625e+00
-4.371912956237792969e+00 5.522163867950439453e+00
-2.660619497299194336e+00 3.945569038391113281e+00
-4.680433273315429688e-01 1.452904462814331055e+00
3.444730997085571289e+00 -2.542606592178344727e+00
-3.818957090377807617e+00 4.776316165924072266e+00
-3.570240259170532227e+00 4.523707866668701172e+00
-1.963383793830871582e+00 2.949939727783203125e+00
-1.383605360984802246e+00 2.407952785491943359e+00
-2.163554191589355469e+00 3.331891059875488281e+00
-3.792359590530395508e+00 4.818735599517822266e+00
-1.351774573326110840e+00 2.380732536315917969e+00
4.893071651458740234e+00 -3.930231094360351562e+00
6.436781406402587891e+00 -5.427608489990234375e+00
-5.195424556732177734e+00 6.513951778411865234e+00
-7.487094998359680176e-01 1.807069778442382812e+00
-3.875223159790039062e+00 4.949079513549804688e+00
-9.358258843421936035e-01 2.013147592544555664e+00
-2.246253788471221924e-01 1.330440640449523926e+00
-9.764319062232971191e-01 1.955349206924438477e+00
4.271783351898193359e+00 -3.206225156784057617e+00
-1.352399945259094238e+00 2.852215766906738281e+00
-1.650479078292846680e+00 2.662022590637207031e+00
-6.457525730133056641e+00 7.517948150634765625e+00
-1.588212132453918457e+00 2.719062328338623047e+00
1.144463300704956055e+00 -2.276115566492080688e-01
2.354898691177368164e+00 -1.147245407104492188e+00
1.623293995857238770e+00 -6.096406579017639160e-01
7.091837525367736816e-01 3.333302140235900879e-01
2.759255647659301758e+00 -1.727646827697753906e+00
-3.586590528488159180e+00 4.875487804412841797e+00
-2.981258153915405273e+00 4.253334999084472656e+00
1.182551860809326172e+00 -2.603022456169128418e-01
-8.086901664733886719e+00 9.212928771972656250e+00
1.939727425575256348e+00 -9.016727209091186523e-01
-2.262450695037841797e+00 3.256180524826049805e+00
4.347021579742431641e+00 -3.179859638214111328e+00
3.493832349777221680e+00 -2.588484287261962891e+00
-2.576734066009521484e+00 3.820047855377197266e+00
1.670405507087707520e+00 -7.818584442138671875e-01
1.626148343086242676e+00 -7.416443228721618652e-01
1.454159855842590332e+00 -5.403347611427307129e-01
-7.230260372161865234e-01 1.763612508773803711e+00
-6.428205966949462891e-01 2.057229995727539062e+00
-1.044683098793029785e+00 2.040495395660400391e+00
-2.637372255325317383e+00 3.610872745513916016e+00
3.260304689407348633e+00 -2.257166624069213867e+00
-1.936620473861694336e+00 2.988471984863281250e+00
4.457441329956054688e+00 -3.517457485198974609e+00
-3.919920921325683594e+00 4.908202648162841797e+00
-7.243493199348449707e-01 1.712687849998474121e+00
-5.224655151367187500e+00 6.470799922943115234e+00
-3.958325088024139404e-01 1.434717774391174316e+00
-2.980279684066772461e+00 4.063105106353759766e+00
-1.356396436691284180e+00 2.368688344955444336e+00
6.277554988861083984e+00 -5.288463592529296875e+00
-1.355658888816833496e+00 2.365086555480957031e+00
-3.010468244552612305e+00 4.003635406494140625e+00
-5.519217967987060547e+00 6.538497447967529297e+00
-6.317004680633544922e+00 7.348203182220458984e+00
-3.279231309890747070e+00 4.234169006347656250e+00
-6.939649105072021484e+00 8.174091339111328125e+00
-2.047203302383422852e+00 3.065833091735839844e+00
-3.476719141006469727e+00 4.540617465972900391e+00
2.486282587051391602e+00 -1.347945690155029297e+00
-6.294590830802917480e-01 1.673072814941406250e+00
5.592033386230468750e+00 -4.622045040130615234e+00
-3.000345230102539062e+00 3.979746341705322266e+00
-1.132343336939811707e-01 1.066857933998107910e+00
-2.268875122070312500e+00 3.319657087326049805e+00
-1.104483246803283691e+00 2.137158155441284180e+00
-8.215779066085815430e-01 1.815606355667114258e+00
-8.068582534790039062e+00 9.223400115966796875e+00
4.692306995391845703e+00 -3.733843326568603516e+00
1.764924407005310059e+00 -8.697471022605895996e-01
3.394013047218322754e-01 7.801105380058288574e-01
-5.125011920928955078e+00 6.373836040496826172e+00
-3.872669935226440430e+00 5.055725097656250000e+00
-4.919801354408264160e-01 1.735379219055175781e+00
-2.165696144104003906e+00 3.545258998870849609e+00
-4.906823158264160156e+00 5.960499286651611328e+00
-2.305718213319778442e-01 1.264787197113037109e+00
-2.519938707351684570e+00 3.494362354278564453e+00
6.335580348968505859e-01 3.742007613182067871e-01
-7.165021896362304688e+00 8.324271202087402344e+00
-2.276559352874755859e+00 3.318044424057006836e+00
-3.676843404769897461e+00 4.785567760467529297e+00
-3.602877378463745117e+00 4.549397468566894531e+00
-1.519813656806945801e+00 2.605775356292724609e+00
-1.460417985916137695e+00 2.481770277023315430e+00
3.479686975479125977e-01 6.110805869102478027e-01
-1.629820704460144043e+00 2.650802135467529297e+00
1.540473580360412598e+00 -6.491650342941284180e-01
-3.682579755783081055e+00 4.637647151947021484e+00
-4.247071743011474609e+00 5.226149082183837891e+00
8.533127903938293457e-01 3.450503945350646973e-01
-4.151484966278076172e+00 5.403759002685546875e+00
9.370494842529296875e+00 -8.222700119018554688e+00
-4.455102682113647461e-01 1.488955140113830566e+00
-3.826937437057495117e+00 4.800859451293945312e+00
-2.228556632995605469e+00 3.528082370758056641e+00
4.263464450836181641e+00 -3.318465232849121094e+00
-4.061000823974609375e+00 5.009113788604736328e+00
-9.147732853889465332e-01 1.906675338745117188e+00
-5.600889682769775391e+00 6.741524219512939453e+00
1.355421423912048340e+00 -4.585644602775573730e-01
-5.027187347412109375e+00 6.257609367370605469e+00
4.257049560546875000e+00 -3.300049304962158203e+00
2.583925127983093262e-01 7.143499851226806641e-01
-1.936488986015319824e+00 2.928118228912353516e+00
-3.962157964706420898e+00 4.905604839324951172e+00
-9.497205615043640137e-01 2.109357833862304688e+00
-2.959284543991088867e+00 3.919125080108642578e+00
-3.207335233688354492e+00 4.342946052551269531e+00
1.098069548606872559e+00 -1.757325381040573120e-01
-2.420595407485961914e+00 3.434976100921630859e+00
1.757581830024719238e+00 -8.920137882232666016e-01
2.798567898571491241e-02 1.035273551940917969e+00
-2.467377424240112305e+00 3.865872621536254883e+00
2.475714236497879028e-01 7.948783636093139648e-01
9.197686314582824707e-01 -4.705026745796203613e-03
4.348883152008056641e+00 -3.400615930557250977e+00
2.302369356155395508e+00 -1.280132889747619629e+00
2.583469152450561523e+00 -1.709059953689575195e+00
8.631290197372436523e-01 2.671398520469665527e-01
-5.423634529113769531e+00 6.604816913604736328e+00
-1.402047038078308105e+00 2.467527866363525391e+00
-5.933325290679931641e+00 6.975269794464111328e+00
-6.808699965476989746e-01 1.813507795333862305e+00
-9.782033920288085938e+00 1.102156829833984375e+01
1.048324108123779297e+00 9.692014753818511963e-02
-4.084987163543701172e+00 5.235854625701904297e+00
-1.945626378059387207e+00 2.926104068756103516e+00
2.385612010955810547e+00 -1.456948637962341309e+00
-3.988293170928955078e+00 4.940531253814697266e+00
-3.205339670181274414e+00 4.165313243865966797e+00
6.140775680541992188e-01 3.341656923294067383e-01
-6.367889404296875000e+00 7.580494880676269531e+00
1.059159874916076660e+00 -1.529600471258163452e-01
1.532083034515380859e+00 -3.788128495216369629e-01
-5.866460800170898438e-01 1.725018143653869629e+00
9.610808491706848145e-01 -1.597155630588531494e-02
-5.978792667388916016e+00 7.063555717468261719e+00
3.201934576034545898e+00 -2.265569925308227539e+00
2.530569314956665039e+00 -1.393966317176818848e+00
1.476071476936340332e+00 -5.840839743614196777e-01
7.374278306961059570e-01 1.673660725355148315e-01
1.189574599266052246e+00 -2.812013626098632812e-01
2.151382863521575928e-01 7.998306155204772949e-01
-3.776100397109985352e+00 4.763702869415283203e+00
1.521315217018127441e+00 -4.727396965026855469e-01
2.160738468170166016e+00 -1.291113972663879395e+00
1.455635428428649902e+00 -3.386880755424499512e-01
-3.370897054672241211e+00 4.490983963012695312e+00
-3.727436542510986328e+00 4.733421802520751953e+00
-7.282915711402893066e-01 1.707336425781250000e+00
-3.260030746459960938e+00 4.200950145721435547e+00
-8.004835128784179688e+00 9.141938209533691406e+00
4.499689579010009766e+00 -3.547873020172119141e+00
1.398658394813537598e+00 -5.043058395385742188e-01
4.680050611495971680e-01 5.726029276847839355e-01
-2.865437269210815430e+00 3.983833312988281250e+00
1.841878175735473633e+00 -6.509101986885070801e-01
1.779465556144714355e+00 -9.021217823028564453e-01
-9.080885052680969238e-01 2.182563304901123047e+00
6.108314037322998047e+00 -5.126072883605957031e+00
-5.724793672561645508e-01 1.562089443206787109e+00
-5.787683010101318359e+00 7.065879344940185547e+00
1.542288780212402344e+00 -6.296484470367431641e-01
-4.888265579938888550e-02 1.158783316612243652e+00
-1.088388562202453613e+00 2.120167970657348633e+00
-1.629953622817993164e+00 2.734519481658935547e+00
1.613896608352661133e+00 -7.317777872085571289e-01
-3.543861150741577148e+00 4.864190578460693359e+00
-5.064105391502380371e-01 1.539652824401855469e+00
1.443704247474670410e+00 -4.879518747329711914e-01
2.462593793869018555e+00 -1.597365498542785645e+00
-4.382538795471191406e+00 5.538018703460693359e+00
4.278927326202392578e+00 -3.332285165786743164e+00
1.306946426630020142e-01 8.820871114730834961e-01
4.696017503738403320e-01 4.747835993766784668e-01
-4.935406208038330078e+00 6.106441974639892578e+00
-3.780972719192504883e+00 4.957762718200683594e+00
-4.186670780181884766e+00 5.192963600158691406e+00
1.385547995567321777e+00 -4.512663483619689941e-01
-4.693277835845947266e+00 5.788800716400146484e+00
2.843434095382690430e+00 -1.801235675811767578e+00
-2.454453945159912109e+00 3.522197723388671875e+00
3.380794763565063477e+00 -2.157663583755493164e+00
4.392725974321365356e-02 8.976600170135498047e-01
2.658831514418125153e-02 1.063074231147766113e+00
-7.300226390361785889e-02 1.123466968536376953e+00
-1.397700667381286621e+00 2.380345344543457031e+00
1.412926316261291504e-01 1.000849962234497070e+00
-4.049334526062011719e+00 5.037889003753662109e+00
-7.275369763374328613e-01 1.785551548004150391e+00
5.924931913614273071e-02 9.272064566612243652e-01
-4.304685115814208984e+00 5.255734920501708984e+00
-3.702448606491088867e+00 4.761200428009033203e+00
4.924948215484619141e+00 -3.969512462615966797e+00
-8.955523371696472168e-01 1.877570152282714844e+00
-1.973251938819885254e+00 2.964967250823974609e+00
3.237910032272338867e+00 -1.906980514526367188e+00
-5.124729871749877930e-01 1.549558877944946289e+00
-6.939582228660583496e-01 1.736537456512451172e+00
2.967229604721069336e+00 -2.087085962295532227e+00
-2.998069763183593750e+00 4.010829925537109375e+00
3.905429363250732422e+00 -2.858542919158935547e+00
-3.059625387191772461e+00 4.159035205841064453e+00
1.310383439064025879e+00 -3.670784235000610352e-01
2.668205738067626953e+00 -1.768238782882690430e+00
1.874745011329650879e+00 -7.042219638824462891e-01
-5.337966442108154297e+00 6.476980686187744141e+00
3.611986875534057617e+00 -2.702093124389648438e+00
2.583030797541141510e-02 1.043961167335510254e+00
-7.715855121612548828e+00 8.826050758361816406e+00
-4.279089927673339844e+00 5.439624309539794922e+00
-3.721127033233642578e+00 4.673903942108154297e+00
5.055459141731262207e-01 5.037733316421508789e-01
-5.874639034271240234e+00 6.947485446929931641e+00
3.394501924514770508e+00 -2.364737749099731445e+00
-2.793754100799560547e+00 4.093453884124755859e+00
-3.683579206466674805e+00 4.732936382293701172e+00
7.239530086517333984e-01 2.344204634428024292e-01
3.859493494033813477e+00 -2.929813146591186523e+00
2.575317621231079102e+00 -1.561955571174621582e+00
-9.470746994018554688e+00 1.085222148895263672e+01
-2.518075942993164062e+00 3.477963924407958984e+00
-7.222988128662109375e+00 8.338937759399414062e+00
4.652614116668701172e+00 -3.703961372375488281e+00
-1.450002431869506836e+00 2.457835912704467773e+00
-2.347729921340942383e+00 3.314823150634765625e+00
-1.063899874687194824e+00 2.239292144775390625e+00
2.272595167160034180e+00 -1.419891715049743652e+00
1.528850197792053223e+00 -5.489411950111389160e-01
2.459097146987915039e+00 -1.531299114227294922e+00
1.742178320884704590e+00 -8.561639189720153809e-01
-1.657999277114868164e+00 2.665499210357666016e+00
2.874222755432128906e+00 -1.997763156890869141e+00
1.370421767234802246e+00 -4.576035737991333008e-01
-1.787986159324645996e+00 2.775082111358642578e+00
3.770327329635620117e+00 -2.814575433731079102e+00
1.676439285278320312e+00 -7.970322370529174805e-01
-4.432636260986328125e+00 5.441977977752685547e+00
-1.957125306129455566e+00 3.030642986297607422e+00
-2.286825418472290039e+00 3.311590671539306641e+00
-1.235180258750915527e+00 2.263966321945190430e+00
-9.906224608421325684e-01 2.024455308914184570e+00
-1.606346368789672852e-01 1.362462878227233887e+00
-3.413743257522583008e+00 4.433457374572753906e+00
2.455840557813644409e-01 9.074594974517822266e-01
3.275219202041625977e+00 -2.374568462371826172e+00
-1.229584217071533203e+00 2.289170503616333008e+00
-2.466851711273193359e+00 3.790068149566650391e+00
6.911749243736267090e-01 3.488943576812744141e-01
-2.529848098754882812e+00 3.529377937316894531e+00
3.533787250518798828e+00 -2.625542879104614258e+00
1.607967615127563477e+00 -7.195463180541992188e-01
2.035704851150512695e+00 -1.028847932815551758e+00
-2.466056108474731445e+00 3.499448299407958984e+00
-8.179715871810913086e-01 1.852945566177368164e+00
-2.750037908554077148e+00 3.729070186614990234e+00
-1.794800877571105957e+00 2.908853054046630859e+00
-5.044807791709899902e-01 1.483167290687561035e+00
8.001574516296386719e+00 -6.962962150573730469e+00
-9.381397366523742676e-01 1.959179997444152832e+00
5.241711735725402832e-01 4.472449421882629395e-01
-9.089426994323730469e+00 1.036063385009765625e+01
-4.445068359375000000e+00 5.723328113555908203e+00
-2.810009121894836426e-01 1.322205781936645508e+00
-2.650410413742065430e+00 3.661349058151245117e+00
3.367170333862304688e+00 -2.344717502593994141e+00
1.630289435386657715e+00 -7.404835224151611328e-01
-6.640144348144531250e+00 7.688960552215576172e+00
-1.559976220130920410e+00 2.578825473785400391e+00
3.413065910339355469e+00 -2.443817615509033203e+00
2.539421617984771729e-01 6.761422157287597656e-01
3.122129440307617188e+00 -1.765345454216003418e+00
-3.086155414581298828e+00 4.064601421356201172e+00
5.730152130126953125e+00 -4.443968296051025391e+00
1.675839304924011230e+00 -7.966880202293395996e-01
-1.014987587928771973e+00 2.046901464462280273e+00
-4.281157016754150391e+00 5.231890678405761719e+00
-5.115735054016113281e+00 6.235935688018798828e+00
3.728416204452514648e+00 -2.805380821228027344e+00
-3.409132003784179688e+00 4.393713951110839844e+00
-8.352377891540527344e+00 9.488552093505859375e+00
-2.145445644855499268e-01 1.341342329978942871e+00
3.382893800735473633e+00 -2.478277683258056641e+00
1.663341373205184937e-01 7.817249298095703125e-01
-5.260920524597167969e+00 6.252859592437744141e+00
-2.174507379531860352e+00 3.151337623596191406e+00
3.154665708541870117e+00 -2.250021219253540039e+00
-2.654970407485961914e+00 3.610523700714111328e+00
-1.388925671577453613e+00 2.424001693725585938e+00
-1.284824490547180176e+00 2.278824329376220703e+00
1.091416716575622559e+00 -6.940461695194244385e-02
-1.644410490989685059e+00 2.643542051315307617e+00
1.549777626991271973e+00 -6.324202418327331543e-01
4.561362743377685547e+00 -3.574289798736572266e+00
2.078388690948486328e+00 -1.193784713745117188e+00
-2.299253195524215698e-01 1.396994709968566895e+00
-3.556018114089965820e+00 4.629517078399658203e+00
4.157606124877929688e+00 -3.073444604873657227e+00
-2.073635578155517578e+00 3.063863515853881836e+00
-1.439953923225402832e+00 2.422022342681884766e+00
-4.514145374298095703e+00 5.486677169799804688e+00
5.242786407470703125e+00 -4.223996639251708984e+00
5.906710624694824219e+00 -4.913264274597167969e+00
-2.809037923812866211e+00 3.767537117004394531e+00
-3.805076360702514648e+00 4.746989727020263672e+00
-2.873485803604125977e+00 3.857884407043457031e+00
-1.528646826744079590e+00 2.627252578735351562e+00
-3.166008234024047852e+00 4.287826538085937500e+00
-3.510758161544799805e+00 4.521298885345458984e+00
1.045295000076293945e+00 -1.454822570085525513e-01
9.506419181823730469e+00 -8.407747268676757812e+00
-4.808499813079833984e+00 6.000298023223876953e+00
-1.779163002967834473e+00 2.754733085632324219e+00
3.714977502822875977e+00 -2.799388408660888672e+00
-2.021579742431640625e-01 1.515481710433959961e+00
-1.296842575073242188e+00 2.325177192687988281e+00
-1.625661492347717285e+00 2.618751525878906250e+00
-7.759740352630615234e+00 8.870719909667968750e+00
3.411006689071655273e+00 -2.505797624588012695e+00
2.608807563781738281e+00 -1.725784063339233398e+00
3.263443231582641602e+00 -2.368776559829711914e+00
-1.750497460365295410e+00 2.944908618927001953e+00
-1.481631636619567871e+00 2.512170791625976562e+00
-1.604681372642517090e+00 2.606561899185180664e+00
-2.710729598999023438e+00 3.678978443145751953e+00
7.243382930755615234e-01 3.484844565391540527e-01
2.568993330001831055e+00 -1.702373981475830078e+00
-5.269438266754150391e+00 6.292517185211181641e+00
-3.051531791687011719e+00 4.016333103179931641e+00
-6.558559894561767578e+00 7.912551403045654297e+00
-5.923118114471435547e+00 6.980145931243896484e+00
-2.551154851913452148e+00 3.705747604370117188e+00
1.228585839271545410e+00 -2.443760484457015991e-01
-7.104001522064208984e+00 8.193202972412109375e+00
2.375361680984497070e+00 -1.188660383224487305e+00
5.359274864196777344e+00 -4.395109653472900391e+00
1.909867286682128906e+00 -1.028675556182861328e+00
-1.125753974914550781e+01 1.256306457519531250e+01
-2.418145656585693359e+00 3.399366855621337891e+00
-3.826576232910156250e+00 4.818002223968505859e+00
3.281518697738647461e+00 -2.382442235946655273e+00
-2.624145746231079102e+00 3.594834327697753906e+00
7.083567231893539429e-02 8.982144594192504883e-01
3.315937757492065430e+00 -2.337597131729125977e+00
5.902740359306335449e-01 4.086203575134277344e-01
-1.217606663703918457e+00 2.218172311782836914e+00
5.943348407745361328e+00 -4.962427139282226562e+00
-7.491735816001892090e-01 1.873634576797485352e+00
-7.972319126129150391e+00 9.156199455261230469e+00
-2.400000810623168945e+00 3.555758237838745117e+00
2.548684358596801758e+00 -1.507289409637451172e+00
1.361984759569168091e-01 8.853727579116821289e-01
-4.861675262451171875e+00 5.877377986907958984e+00
-2.443803787231445312e+00 3.420334339141845703e+00
-3.064369440078735352e+00 4.096259593963623047e+00
2.211338758468627930e+00 -1.270124435424804688e+00
-1.502677798271179199e+00 2.591180324554443359e+00
1.903573036193847656e+00 -1.005052804946899414e+00
-1.932521462440490723e+00 2.935770988464355469e+00
-4.659819126129150391e+00 5.769958019256591797e+00
-6.748107075691223145e-02 1.102660179138183594e+00
6.281209945678710938e+00 -5.304495811462402344e+00
-1.634290575981140137e+00 2.641308069229125977e+00
5.250500202178955078e+00 -4.199128150939941406e+00
-3.365054845809936523e+00 4.442156314849853516e+00
-1.308869242668151855e+00 2.377676486968994141e+00
2.015389442443847656e+00 -1.156230568885803223e+00
-1.025710940361022949e+00 2.071394443511962891e+00
1.973406195640563965e+00 -1.098638892173767090e+00
-5.004423141479492188e+00 6.018764972686767578e+00
-3.503962278366088867e+00 4.653244495391845703e+00
3.688991546630859375e+00 -2.728660106658935547e+00
7.565949559211730957e-01 1.671622842550277710e-01
-3.352956771850585938e-01 1.568417310714721680e+00
-5.396038532257080078e+00 6.427219867706298828e+00
2.558797597885131836e+00 -1.674446344375610352e+00
4.878077030181884766e+00 -3.914533615112304688e+00
-2.369292020797729492e+00 3.415401458740234375e+00
-4.875160694122314453e+00 5.912372589111328125e+00
1.849008798599243164e+00 -8.324748277664184570e-01
2.786867380142211914e+00 -1.822988629341125488e+00
1.157996773719787598e+00 -2.589232325553894043e-01
-5.019490718841552734e+00 6.082087993621826172e+00
-1.249713778495788574e+00 2.279807806015014648e+00
1.476265907287597656e+00 -5.949177145957946777e-01
4.008204936981201172e+00 -3.000500440597534180e+00
1.861837744712829590e+00 -6.948034763336181641e-01
7.281796336174011230e-01 1.793524473905563354e-01
2.534142732620239258e+00 -1.549080729484558105e+00
-3.519668817520141602e+00 4.476836681365966797e+00
-1.787404298782348633e+00 2.766967773437500000e+00
4.265072345733642578e+00 -3.330623626708984375e+00
-1.056574702262878418e+00 2.088111877441406250e+00
6.282058715820312500e+00 -5.097642421722412109e+00
2.354014158248901367e+00 -1.319946050643920898e+00
1.921031117439270020e+00 -1.044864654541015625e+00
5.179378509521484375e+00 -4.205973625183105469e+00
-2.187518358230590820e+00 3.338883161544799805e+00
-6.357055187225341797e+00 7.414794445037841797e+00
-4.939128160476684570e-01 1.473527789115905762e+00
-6.075507402420043945e-01 1.648063898086547852e+00
-4.048540592193603516e+00 5.114860534667968750e+00
-4.673629403114318848e-01 1.439427137374877930e+00
-3.425912141799926758e+00 4.431320190429687500e+00
4.965946197509765625e+00 -3.874686479568481445e+00
-3.520671129226684570e+00 4.603195667266845703e+00
-2.069839715957641602e+00 3.045671939849853516e+00
1.133772611618041992e+00 -2.353953570127487183e-01
-1.109180808067321777e+00 2.091409683227539062e+00
1.003154873847961426e+00 -5.389489233493804932e-02
-5.667669296264648438e+00 6.820458889007568359e+00
-1.979563355445861816e+00 2.970592975616455078e+00
3.264260053634643555e+00 -2.366968154907226562e+00
2.589384555816650391e+00 -1.718616008758544922e+00
-2.977591753005981445e-01 1.321587800979614258e+00
-1.197876334190368652e+00 2.228991031646728516e+00
-4.087998390197753906e+00 5.194620609283447266e+00
-1.851863503456115723e+00 2.935116767883300781e+00
-4.272385120391845703e+00 5.310185909271240234e+00
-2.695104122161865234e+00 3.759025335311889648e+00
5.324775218963623047e+00 -4.362739086151123047e+00
3.403196811676025391e+00 -2.321280002593994141e+00
-4.490081310272216797e+00 5.524750232696533203e+00
-6.885936260223388672e-01 1.708686470985412598e+00
-1.837823390960693359e+00 3.148326873779296875e+00
-3.169462442398071289e+00 4.128376483917236328e+00
6.123181343078613281e+00 -5.132565021514892578e+00
-2.523616075515747070e+00 3.501257896423339844e+00
1.976312756538391113e+00 -1.109669923782348633e+00
3.500941991806030273e+00 -2.588762283325195312e+00
-6.410962104797363281e+00 7.626033782958984375e+00
3.050971746444702148e+00 -2.068494319915771484e+00
-9.933025240898132324e-01 2.017540931701660156e+00
-7.629401087760925293e-01 1.798902511596679688e+00
2.065220117568969727e+00 -1.199217677116394043e+00
-5.503814697265625000e+00 6.640427112579345703e+00
2.753911018371582031e-01 8.416973352432250977e-01
3.293963521718978882e-02 9.804992675781250000e-01
-2.933706760406494141e+00 3.971487522125244141e+00
-2.491999149322509766e+00 3.587438106536865234e+00
5.177952289581298828e+00 -4.218660831451416016e+00
-3.850555658340454102e+00 4.810795783996582031e+00
-4.915260791778564453e+00 6.077153682708740234e+00
-2.527198076248168945e+00 3.490405559539794922e+00
-5.253973484039306641e+00 6.281124114990234375e+00
-6.339947134256362915e-02 1.016071557998657227e+00
1.145822644233703613e+00 -9.737820923328399658e-02
5.360977053642272949e-01 4.655842185020446777e-01
-6.652210235595703125e+00 7.730786800384521484e+00
-4.415162503719329834e-01 1.482168912887573242e+00
5.753384590148925781e+00 -4.768288135528564453e+00
4.952040195465087891e+00 -3.995555400848388672e+00
3.057841539382934570e+00 -2.109191179275512695e+00
-3.628060221672058105e-01 1.430641174316406250e+00
7.208752632141113281e-01 2.270360141992568970e-01
-4.978525161743164062e+00 5.964765071868896484e+00
-2.144389629364013672e+00 3.269518375396728516e+00
-2.216209173202514648e+00 3.213820934295654297e+00
-2.512725830078125000e+00 3.670049667358398438e+00
-1.068437933921813965e+00 2.079078435897827148e+00
5.700630545616149902e-01 3.711096048355102539e-01
-2.182637453079223633e+00 3.257999420166015625e+00
7.427962422370910645e-01 2.402402907609939575e-01
-1.648089408874511719e+00 2.662969112396240234e+00
-1.806647419929504395e+00 2.866826534271240234e+00
-6.080930709838867188e+00 7.139395236968994141e+00
-1.693572163581848145e+00 2.761774539947509766e+00
-7.006173133850097656e+00 8.076607704162597656e+00
-4.544305324554443359e+00 5.505627155303955078e+00
-3.199475049972534180e+00 4.176475048065185547e+00
-1.557982325553894043e+00 2.640792369842529297e+00
-2.210598945617675781e+00 3.317883014678955078e+00
-1.156433939933776855e+00 2.189139366149902344e+00
-2.088689088821411133e+00 3.100362777709960938e+00
-1.567481040954589844e+00 2.639028549194335938e+00
1.480160802602767944e-01 8.906260728836059570e-01
-6.987917423248291016e-01 1.859157681465148926e+00
-4.250761032104492188e+00 5.406125545501708984e+00
-1.959350109100341797e+00 2.967786312103271484e+00
2.268548488616943359e+00 -1.259203195571899414e+00
-2.665290117263793945e+00 3.635859966278076172e+00
-1.533561110496520996e+00 2.557092666625976562e+00
-4.377007484436035156e-01 1.557588338851928711e+00
2.158665418624877930e+00 -1.201174855232238770e+00
-1.555472731590270996e+00 2.561862468719482422e+00
-4.778708934783935547e+00 5.827678203582763672e+00
-8.753883242607116699e-01 1.909724116325378418e+00
-9.997222900390625000e+00 1.130416107177734375e+01
-1.681740880012512207e+00 2.690654277801513672e+00
-2.516807556152343750e+00 3.691102981567382812e+00
-5.533304214477539062e+00 6.534379005432128906e+00
3.704949140548706055e+00 -2.787033319473266602e+00
-1.774461388587951660e+00 2.784470558166503906e+00
-4.083223342895507812e-01 1.467390418052673340e+00
2.784710168838500977e+00 -1.880828619003295898e+00
3.190927267074584961e+00 -2.297109127044677734e+00
3.215370893478393555e+00 -2.319622278213500977e+00
-6.465224623680114746e-01 1.683944940567016602e+00
-5.313083171844482422e+00 6.433845043182373047e+00
4.400938510894775391e+00 -3.416048526763916016e+00
4.098889350891113281e+00 -3.167232513427734375e+00
-2.035651683807373047e+00 3.051531314849853516e+00
6.341124325990676880e-02 9.501170516014099121e-01
-1.065632343292236328e+00 2.140745639801025391e+00
1.521077632904052734e+00 -5.056080818176269531e-01
-5.261621952056884766e+00 6.446727752685546875e+00
-1.314047694206237793e+00 2.341029644012451172e+00
-2.799004316329956055e+00 3.886295318603515625e+00
1.057173728942871094e+00 -1.364566534757614136e-01
-3.231733083724975586e+00 4.248632907867431641e+00
3.230868101119995117e+00 -2.326858520507812500e+00
-1.043460083007812500e+01 1.179951858520507812e+01
7.683744430541992188e-01 1.981983333826065063e-01
1.393156796693801880e-01 9.524313807487487793e-01
1.738097310066223145e+00 -8.632727861404418945e-01
4.686233997344970703e+00 -3.698882579803466797e+00
-9.817513823509216309e-01 1.962506651878356934e+00
-8.961552619934082031e+00 1.020868206024169922e+01
3.791413068771362305e+00 -2.867988348007202148e+00
-2.937311828136444092e-01 1.416183233261108398e+00
-9.234383702278137207e-01 1.969345331192016602e+00
-5.834481716156005859e+00 6.851271629333496094e+00
1.509901881217956543e+00 -5.900859832763671875e-01
-2.208806037902832031e+00 3.199618339538574219e+00
6.514732241630554199e-01 2.814816832542419434e-01
-5.270030975341796875e+00 6.343768596649169922e+00
-1.252966225147247314e-01 1.079763054847717285e+00
1.394238352775573730e+00 -4.974334239959716797e-01
-5.381257057189941406e+00 6.463141918182373047e+00
5.990890860557556152e-01 3.741935491561889648e-01
2.074769020080566406e+00 -1.108394861221313477e+00
2.271442651748657227e+00 -1.242322802543640137e+00
-3.342087268829345703e+00 4.473604679107666016e+00
4.881778240203857422e+00 -3.926876544952392578e+00
-1.589888930320739746e+00 2.565869569778442383e+00
-6.735501885414123535e-01 1.840208053588867188e+00
2.892106294631958008e+00 -1.966370105743408203e+00
-4.799319744110107422e+00 5.820573329925537109e+00
-3.361704587936401367e+00 4.401905536651611328e+00
-1.233282446861267090e+00 2.406627178192138672e+00
3.483799457550048828e+00 -2.520501852035522461e+00
-5.394971370697021484e+00 6.391922950744628906e+00
2.511333227157592773e+00 -1.456458568572998047e+00
-1.690028429031372070e+00 2.713287830352783203e+00
3.239010095596313477e+00 -2.343549013137817383e+00
-1.275802969932556152e+00 2.346136093139648438e+00
-3.694057226181030273e+00 4.708854198455810547e+00
-2.787893772125244141e+00 3.755353689193725586e+00
-5.452815532684326172e+00 6.451723098754882812e+00
-1.957998394966125488e+00 3.006054401397705078e+00
3.599919557571411133e+00 -2.479513168334960938e+00
-4.375901222229003906e+00 5.399899482727050781e+00
-2.526641845703125000e+00 3.515587806701660156e+00
-3.236596345901489258e+00 4.218745708465576172e+00
2.899479269981384277e-01 7.292792201042175293e-01
4.102564334869384766e+00 -3.159009695053100586e+00
3.129418849945068359e+00 -2.213746309280395508e+00
-5.184469699859619141e+00 6.245337009429931641e+00
-7.793126702308654785e-01 1.815867900848388672e+00
-2.153713941574096680e+00 3.154550552368164062e+00
-2.727061510086059570e+00 3.951330661773681641e+00
2.689379453659057617e+00 -1.812424421310424805e+00
-1.493184685707092285e+00 2.586871623992919922e+00
-1.578535199165344238e+00 2.563207149505615234e+00
2.055935710668563843e-01 8.053687214851379395e-01
-3.534840106964111328e+00 4.656506061553955078e+00
-3.889328956604003906e+00 5.091896533966064453e+00
1.254694819450378418e+00 -3.238850235939025879e-01
-3.635515570640563965e-01 1.470243453979492188e+00
5.039497852325439453e+00 -4.071788311004638672e+00
-3.225177049636840820e+00 4.168314456939697266e+00
1.380443274974822998e-01 8.814674615859985352e-01
-3.925337553024291992e+00 4.906566143035888672e+00
-1.100923061370849609e+00 2.265972614288330078e+00
3.964343070983886719e+00 -2.988764524459838867e+00
-2.772488117218017578e+00 4.031529903411865234e+00
-1.233234182000160217e-01 1.122931003570556641e+00
-1.634792685508728027e+00 2.638089179992675781e+00
-7.969435453414916992e-01 1.835585236549377441e+00
1.235581755638122559e+00 -1.914380639791488647e-01
2.751777172088623047e-01 6.903468966484069824e-01
-7.916883826255798340e-01 1.832158565521240234e+00
-3.796119928359985352e+00 4.737580299377441406e+00
2.335013151168823242e+00 -1.038557648658752441e+00
1.816552281379699707e-01 8.727749586105346680e-01
-4.259706020355224609e+00 5.339906692504882812e+00
-3.386638164520263672e+00 4.338378906250000000e+00
2.360815048217773438e+00 -1.468631505966186523e+00
7.184931635856628418e-01 1.916564553976058960e-01
4.604526758193969727e-01 5.641728639602661133e-01
-1.103821873664855957e+00 2.299115180969238281e+00
-2.662489175796508789e+00 3.659516811370849609e+00
-8.632976531982421875e+00 9.789371490478515625e+00
5.571337223052978516e+00 -4.571249008178710938e+00
3.641398668289184570e+00 -2.726067781448364258e+00
4.472247123718261719e+00 -3.529750823974609375e+00
